"";"9.015";"9.63333333333333";"9.79176470588235";"9.815";"9.86";"9.92066666666667";"10.7866666666667";"11.025";"11.456";"11.58";"11.7642857142857";"12.101";"12.2166666666667";"12.285";"12.31";"12.455";"12.565";"12.6";"12.63";"12.6808333333333";"12.8025";"13.0324528301887";"13.11";"13.22";"13.4240625";"13.5075";"13.5891666666667";"13.6166666666667";"13.708";"13.7233333333333";"13.8677777777778";"13.9489473684211";"14.1060655737705";"14.1875";"14.255";"14.31";"14.445";"14.5429850746269";"14.6225";"14.9283333333333";"14.9657142857143";"14.99875";"15.0433333333333";"15.09";"15.1851282051282";"15.3211538461538";"15.45";"15.6544444444444";"15.7582857142857";"15.7834482758621";"15.9554545454545";"16.0366666666667";"16.3366666666667";"16.3925";"16.6607692307692";"16.8066666666667";"16.88";"16.9142857142857";"16.948";"16.9947619047619";"17.0186666666667";"17.171";"17.19";"17.2477142857143";"17.2933333333333";"17.3433333333333";"17.37";"17.405";"17.4476595744681";"17.4722222222222";"17.5033333333333";"17.56";"17.6971153846154";"17.7276470588235";"17.805";"17.835";"17.8707547169811";"17.925";"17.9675";"18.0071428571429";"18.13";"18.2758823529412";"18.3157692307692";"18.3364";"18.3627272727273";"18.3875";"18.4233333333333";"18.4666666666667";"18.575";"18.7440909090909";"18.77";"18.8183636363636";"18.8616666666667";"18.9";"18.9366666666667";"18.976";"19.0246153846154";"19.05";"19.0809090909091";"19.1425";"19.3024444444444";"19.3421428571429";"19.3783333333333";"19.4266666666667";"19.5075";"19.5823529411765";"19.655";"19.73";"19.780625";"19.82";"19.9483333333333";"19.9733333333333";"20.0122222222222";"20.08";"20.1114285714286";"20.1584210526316";"20.43";"20.515";"20.62375";"20.656";"20.7225";"20.9214285714286";"21.067";"21.1166666666667";"21.1714285714286";"21.214375";"21.264";"21.294";"21.3233333333333";"21.4010810810811";"21.4533333333333";"21.5066666666667";"21.5438461538462";"21.568";"21.6042857142857";"21.7028571428571";"21.7323076923077";"21.7505";"21.77875";"21.825";"21.8525";"21.898";"21.935";"21.9563636363636";"21.98875";"22.035";"22.0557894736842";"22.084375";"22.126";"22.185";"22.2425";"22.28";"22.3355555555556";"22.3654054054054";"22.3785714285714";"22.4061111111111";"22.4258333333333";"22.4544444444444";"22.4895454545455";"22.515";"22.545";"22.5833333333333";"22.68";"22.7866666666667";"22.8355555555556";"22.8633333333333";"22.96";"23.1163157894737";"23.1572727272727";"23.2072727272727";"23.246875";"23.275";"23.3175";"23.37";"23.4573333333333";"23.4859090909091";"23.538";"23.6357142857143";"23.6676470588235";"23.71";"23.7453333333333";"23.7683333333333";"23.7875";"23.8125";"23.836";"23.85625";"23.897";"23.925";"23.9533333333333";"24.0468571428571";"24.072380952381";"24.1166666666667";"24.15";"24.2075";"24.3693103448276";"24.3975";"24.432";"24.47";"24.5366666666667";"24.59";"24.6446428571429";"24.6735714285714";"24.7042857142857";"24.7316666666667";"24.7966666666667";"24.94";"24.974";"25.0042857142857";"25.03";"25.065";"25.1258823529412";"25.18625";"25.216";"25.255";"25.285";"25.32";"25.4014285714286";"25.4525";"25.6325";"25.7475";"25.8888888888889";"25.9341176470588";"25.9623076923077";"25.9933333333333";"26.0233333333333";"26.06";"26.0825";"26.114";"26.144";"26.175";"26.214";"26.2566666666667";"26.3";"26.425";"26.5042857142857";"26.535";"26.558";"26.5826666666667";"26.6128571428571";"26.6294117647059";"26.671875";"26.71";"26.755";"26.792";"26.826875";"26.875";"26.9333333333333";"26.9714285714286";"27.033";"27.08";"27.1178571428571";"27.1522222222222";"27.1942857142857";"27.26";"27.2977777777778";"27.3317647058824";"27.397";"27.48";"27.5566666666667";"27.584";"27.6186363636364";"27.6440909090909";"27.6928571428571";"27.7125";"27.75";"27.79";"27.945";"28.1328571428571";"28.1719230769231";"28.233";"28.3";"28.928";"29.0325";"29.08";"29.11";"29.141";"29.1857142857143";"29.25";"29.345";"29.43375";"29.5642857142857";"29.6116666666667";"29.65";"29.71";"29.765";"29.797";"29.81375";"29.83";"29.8578571428571";"29.8883333333333";"29.92";"29.9625";"29.99";"30.0903333333333";"30.1327777777778";"30.1875";"30.2757142857143";"30.515";"30.5607692307692";"30.6233333333333";"30.668";"30.76";"30.8063636363636";"30.8366666666667";"30.9033333333333";"30.945";"31.116";"31.1428571428571";"31.1866666666667";"31.24";"31.285";"31.3375";"31.3923076923077";"31.43";"31.4622222222222";"31.5";"31.558";"32.2358333333333";"32.26625";"32.2990909090909";"32.3328571428571";"32.3581818181818";"32.37";"32.41";"32.4625";"32.6466666666667";"32.6866666666667";"32.7433333333333";"32.945";"32.98";"33.0116666666667";"33.0414285714286";"33.0875";"33.1225";"33.156";"33.192";"33.215";"33.255";"33.325";"33.356";"33.4071428571429";"33.4383333333333";"33.472";"33.5025";"33.5961904761905";"33.6344444444444";"33.665";"33.7366666666667";"33.785";"33.8182352941176";"33.85";"33.8854545454545";"33.92";"33.97";"34.0066666666667";"34.1408333333333";"34.18125";"34.218";"34.2675";"34.7385714285714";"34.7607142857143";"34.788";"34.815";"34.848";"34.905";"35.6917857142857";"35.74";"35.774";"35.812";"35.83";"35.8675";"35.925";"36.68625";"36.7169230769231";"36.75";"36.8";"36.84";"36.9358064516129";"36.9861538461538";"37.045";"37.1075";"37.3222222222222";"37.3389473684211";"37.3772727272727";"37.446";"37.5233333333333";"37.7166666666667";"38.324347826087";"38.367";"38.415";"38.45";"38.485";"38.515";"39.2763636363636";"39.3088888888889";"39.3371428571429";"39.3733333333333";"39.4266666666667";"39.48";"39.7533333333333";"40.575";"40.6133333333333";"41.03125";"42.0442857142857";"43.00625";"49.0066666666667";"49.0433333333333";"50.61";"51";"51.03"
"w1";0,773991548463324;0;0;0,797730781659658;0;0;0,78793563607371;0,261861276874357;0;0;0;0;0;0;0;0;0;0;0;0;0;0;0;0,945086274600815;0;0,640241167414582;0;0;0;0;0;0;0;0,356094425205838;0;0;0;0;0,579857526898367;0;0;0;0,619528968867857;0;0;0;0;0;0;0;0;0,602604520010559;0;1,47908380294934;0;0;1,33426401408276;0;0;0;0;0;0;0;0;0;0;0;0;0;0;0;0;0;0,465047200371305;0;0;0;0,365301792665821;0;0;0;0;0;0;0;0;2,29679198927866;0;0;0;0;0;0;0,905979271381371;0;0;0;0;0,464355707549106;0;0;0;0,58457119129135;0;0;1,96111554130471;0;0;0;0;0;1,37078366877944;0;0;0;0;0;0;0;1,85961267568511;0;0;0;0;0;0;1,34502616712884;0;0;0;0;0;0;0;0;0;0;0;0;0;0;0;0;0;0;0;0;0;0;0;0;0;0;0;0;0;0;0,379206917303298;0;0;0,33032812120776;0;0;0;0;0,44409154242896;0;0;0;0;2,8153151803188;0;0;0;0;0;0,366828145437646;0;0;0;0;0;0,330064438722132;0;0;0,427004979332356;0,535974631691018;0;0;0;0;0;0,711874299192502;0;0;0;0;1,04474273705661;0;0;0;0;0;0;0;0;0;0;0;0;0;0;0;1,0099460685159;0;0;0;0;0;0;0;0;0;0;0;2,10168097475682;0;0;0;0;0;0;0;0;0;0;0;0;0;0;0;0,6303293974721;0;0;0;0;0;0;0;0;0;0;0;0;0;0;0,499248711202263;0;0;0;0;0;0;0;0;0;0;0;0;0,474678225940972;0;0;0;0;0;2,54239608728724;0;0;0;0;0;0;0;0;0;0;0;0;0;0;0;0;0;0;0;0,574915116396009;0;0;0,892095218685695;0;0;0;0;0;0;0;0;0;0;0;0;0;0;0;0,745680195695287;0;0;0;0;0;0;0;1,4725428662155;0;0;0;0;0;0;0;0;0;0;0;0;0;0;0;0;0;0;0;0;0;0;0;0;0;0;0;0;0;0;0;0;0;0;0;0;0;0;0;0;0;0;0;0;0;0;1,36039074497506;0;0;0;0;0;0;0;0;0;0;0;0;0;0;0;0;0;0;0;0;0;0;0;0;0;0;0;0;0;0;0;0;0;0;0;0;0;0;0
"w10";0;0;0;0;0;0;0;0;0;0;0,149099098334478;0,188225387377559;0;0;0;0;0;0;0;0,163249156517931;0;0,514970601588995;0;0;0,38482082382788;0;0,152702760516505;0,124477356436188;0,113314821458815;0;0;0,179231893801164;0,426567529369836;0;0;0;0;0,963010113596126;0;0,678156421655935;0;0;0;0,343604220553825;0,556404328961706;0,279492330457568;0,102026276378954;0;0,657800451519388;0;0,37106694566895;0;0;0;0;0;0;0,118030032005622;0;0,626821411978063;0;0,341255117926613;0;0;0;0,070463364049475;0;0;0,304038816753229;0;0;0;0,656542937709651;0;0,298490427214354;0;0;0;0;0,114298992138321;0;1,69476765252891;0;0;0;0;0;0;0;0,671078869649466;0;0,488530001996109;0;0;0;0;0;0;1,12395854844795;0;0,829730317807043;0;0;0;0;0;0,0988345211578317;0;0,109763765432088;0;0;0;0;0;0;0,254670121350009;0;0;1,72488990718627;0;0;0;0,648272656063957;0;0;0,125450607677993;0;0,460397477695794;0;0,853965472924509;0;0;0,386770311730143;0;0;0,256890287510575;0,365573197760574;0;0;0;0;0;0,224469558886182;0,288127503810898;0;0;0,407380671170037;0;0;0;0;0;0;0,26029633175764;0;0,105207876702039;0;0,750167857640112;0;0;0;0;0;0;0;0;0;1,99882116839537;0;1,17086647237274;0;0;0;0;0;0;0;0;0,675129316685257;0;0;0;0;0,505303470306738;0;0;0,51878518104724;0;0;0;1,22911891390643;0;0;0;0;0,722175299593109;0,626703562773055;0;0;0;0,552857740858302;0;0;0;0;0;0,242110643613472;0;0;0;0,571338558296744;1,05796109078963;0;0;0;0;0,120574851541952;0;0;0,159683367760318;0;0;0;1,59505684659404;1,56212070746286;0;0;0;0;0;0,10719124876628;0;0;0;0,167921695399852;0;0,0690234552965908;0,0665502063318594;0,0338286172777871;0;0,248324073522767;0;0;0;0,325451807961192;0;0;0,340156978691444;0;0;0;0,340627757462368;0;0;0;0,853307974887406;0;0;0;0;0;0,640747225234269;0;0;0;0;0,0990343045932529;0;0,831844499752952;0;0;0;0;2,41002834490932;0;0;0;0;0;0;0;0;0;0;0;0;0,852556018826362;0;0;0;0;0;0;0;0,817827051289661;0;0;1,27502305613641;0;0;0;0,153648938218698;0,256890287510575;0;0;0;0,106200054454672;0,088995914120949;0;0;0;0;0;1,14754752157882;0;0;0;0;0;1,83388350593757;0;0;0;0;0;0,13705633338803;0,0792633193316971;0;0;0;0;0,19532611235231;0,200212628440783;0;0;0;0;0;0,139936840505115;0;0;0,282988593021914;0;0;0,356658181261626;0;0;0;0;0;0,582979671959282;0;0;0;0;0,40767414490331;0;0;0;0;0;0,2589353058786;0,251244827022566;0;0,139361402485009;1,5724272689514;0;0;0;0;0;0;0;0,204895701597011;0;0;0;0,475317107053575;0;0;0;0;0,502238199002615;0;0;0;0;0,520621507232996;0;0;0;0;0;0;0,683515419489496;0;0;0;0;0,340627757462368;0,161936923697029;0;0;0;0;0;0;0;0;0
"w11";0;0;0;0,0653267592731755;0;0;0;0;0;0;0;0;0;0;0;0;0;0;0;0;0;0,134877652614174;0;0;0,314210160625752;0;0;0;0;0;0;0;0,0928588709211639;0;0;0;0;0,291381252307912;0;0;0,43134498574826;0;0;0;0,076805561528921;0;0;0;0,223716927161962;0;0,241067057892617;0;0;0;0,125186730906666;0;0;0;0;0,0898369141219623;0;0;0;0,151455938097165;0;0;0;0;0,226800670800509;0;0;0;0,306252104569582;0;0;0;0,0935291785001253;0;0;0;0;0;0;1,12494555467715;0;0;0;0;0;0,453211117296376;0;0,603288131565062;0;0;0;0;0;0,188238996988044;0,230605510751047;0;0,220033361552866;0;0,141126761625015;0;0;0;0;0;0,0945337981603011;0;0,260250485830528;0;0;0;0;0;0;0;1,19466115248677;0;0;0;0;0;0;0;0;0;0;0,173811412147881;0;0;0;0,0849489151905329;0;0;0;0;0,294263529818637;0;0;0;0,29289205275625;0;0;0;0,32370359392558;0;0;0;0;0;0;0,133590943019062;0,0928588709211639;0;0;0,414352346301246;0;0;0;0;0;0;0;0;0;0;1,44547527210357;0;0;2,00806971780651;0;0;0;0;0;0;0,672197753541141;0;0;0;0,204862197457806;0;0;0;0;0;0;0;0,74952459660451;0;0;0;0;0,510464290671086;0,500031818391705;0;0,111459701827858;0,0439044966766348;0;0,378468109021908;0;0;0;0;0,183044505512175;0;0;0;0;0;0,798052236863601;0,610206902039151;0;0;0;0;0;0,0834270790893768;0;0;0;0;2,22274490349747;0;0;0;0;0;0;0;0;0;0;0;0;0;0,472547338614242;0;0,321705434231271;0;0;0;0,402369433650687;0;0;0,307064297250079;0;0;0;0,179976270207843;0;0;0;0,588488679258498;0;0;0;0;0;0,556635912049359;0;0;0;0;0;0;0,678937200264672;0;0;0;0;0;0;0;2,94967850213708;0;0;0;0;0,147495794095054;0;0;0;0;0;0,908860146091485;0;0;0;0;0;0;0;1,01542516257444;0;1,00833692279674;1,00820269830204;0;0;0;0,250131985554587;0;0;0;0;0,186714004355587;0;0;0;0;0;0;1,39347775988003;0;0;0;0;0;0;0;2,23885199973786;0;0;0;0;0;0;0;0;0,235704656258061;0;0;0,143997847160129;0;0;0;0;0;0;0,236285763603484;0,185645124089029;0;0;0,313134806428185;0;0;0;0;0;0,652085914055464;0;0;0;0;0,442278719250853;0;0;0;0;0;0,565974997819296;0;0;0;0;0;2,43298929699994;0;0;0;0;0,338367174989755;0;0;0;0;0,759730170025324;0;0;0;0;0,882573298455048;0;0;0;0;0,842513324846209;0;0;0;0;0;0;0;1,21002701418531;0;0;0;0;0,222834108086937;0,237011673236386;0,212476549756926;0,315015918074593;0;0;0;0;0
"w12";0;0;0;0;0;0,659175125893466;0;0;0;0;0;0,475431231753001;0;0;0;0;0;0;0;0;0;0,779080863735637;0;0;1,54282857152246;0;0;0;0;0;0;0;0,847404063301246;0;0;0;0;1,553532208843;0;0;1,51120942557047;0;0;0;0,347199091212862;0;0;0;0,736617957066869;0;0;0;0;0;0;0;0;0;0;0;0;0;0;0,701913992430846;0;0;0;0;0,729548844079535;0;0;0;1,12144843306434;0;0;0;0,630732491223989;0;0;0;0;0;2,90207361092557;0;0;0;0;0;0;0;0;1,70957034373614;0;0;0;0;0,966761855433507;0;0;0;1,05709930035577;0;0;0;0;0;0;0;0;0;0;0;0;0;0;0;0;0;0;0;0;0;0;0;0;0;0;0;0;0;0;0;0;0;0;0;0;0;0;0;0;0;0,508108306652741;0;0;0,301285055834679;0,40565611774957;0;0;0;0;0;0,911667512261753;0;0;0,591647945466476;0;0;0;0;0;0;0;0;0,688388575249824;0;0;3,01513834066659;0;0;0;0;0;0;0,773736610681837;0;0;0,431138319682519;0,0902806065817261;0;1,24406259460176;0;0;0;0;0;0;0;0;1,12723496210697;0;0;0;0;1,56735860319;0;0;0;0;0;0;0;0;0;0;0;0;0;0;0;1,52579767531405;0;0;0;0;0;0;0;0;0;0;0;0;0;0;0;0;0;0;0;0;0;0;0;0;0;0;0,818106671304748;0;0;0;0;0;0;0;0;0;0;0;0;0;0;0;0;0,696911596246017;0;0;0;0;0;0;0;0;0;0;0;0;0;0;0;0;2,42171543004691;0;0;0;0;0;0;0;0;0;0;0;0;0;0;0;0;0;0;0;0;0;0,73846997407177;0;0;0;0;0;0;0;0;0;0;0;0;0;0;0;0;0;0,97175634251209;0;0;0;0;0;0;0;0;0;0;0;0;0;0;0;0;0;0;0;0;0;0;0;0;0;0;0;0;0;0;0;0;0;0;0;0;0;0;0;0;0;0;0;0;0;0;0;0;0;0;0;0;0;0;0;0;0;0;0;0;0;0;0;0;0;0;0;0;0;0;0;0;0;0;0;0;0;0;0;0;0;0;0;0;0;0;0;0;0;0;0;0;0;0;0;0;0;0
"w13";0;0;0;0;0;0;0;0;0;0;0;0;0;0;0;0;0;0;0;0;0;0;0;0;0,455523739956108;0;0;0;0;0;0;0;0,311752367940343;0;0;0;0;0,485532837112386;0;0;0,520037072519017;0;0;0;0;0;0;0;0,418677279403574;0;0,293635729485291;0;0;0;0;0;0;0;0;0;0;0;0;0;0;0;0;0;0;0;0;0;0,362124295770084;0;0;0;0,279356589953568;0;0;0;0;0;1,56124643703561;0;0;0;0;0;0;0,348796704038485;0;0,619900351956421;0;0;0;0;0;0,631942983384721;0;0;0,443391814521741;0;0,183299424794683;0;0;0;0;0;0;0;0;0;0;0;0;0;0;0;1,63121020606452;0;0;0;0;0;0;0;0;0;0;0,243132891327515;0;0;0,225715468669359;0;0;0;0;0,506257262053354;0;0;0;0;0,366643260484951;0;0;0;0,376307605862494;0;0;0;0;0;0;0;0;0;0;0,662075451729891;0;0;0;0;0;0;0;0;0;1,60330586178819;0;2,34273223630407;0;0;0;0;0;0,464998681902302;0;0;0,363168947769661;0;0;0,354781014888572;0;0;0;0;0;0;0;0,893533271196021;0;0;0;0;0;1,07829999075917;0;0;0;0;0;0;0;0;0;0;0;0;0;0;0;0,85682631591901;0;0;0;0;0;0;0;0;0;0;1,76621840904522;1,77167951362421;0;0;0;0;0;0;0;0;0;0;0;0;0;0;0,511071806434773;0;0;0;0;0,337791079545736;0;0;0;0,278978055860161;0;0;0;0;0;0;0;0,709706261925683;0;0;0;0;0,622857526194651;0;0;0;0;0;0;0,752109278378055;0;0;0;0;2,99787857714209;0;0;0;0;0;0;0;0;0;0;0;0;0,889840406324795;0;0;0;0;0;0;0;1,02012235789655;0;0;0;0;0;0;0;0;0;0;0;0;0;0;0;0;0;0;0;0;0;0;0;0;2,18726883623301;0;0;0;0;0;0;0;0;0;0;0;0;0;0;0;0;0;0;0;0;0;0;0;0;0;0,615042396827759;0;0;0;0;0,626875995102488;0;0;0;0;0;0,464369804459219;0;0;0;0,20064612845564;0,0848709885356395;0,308816876871665;0;0;0;2,31766249630536;0;0;0;0;0;0;0,177449671142623;0,182465837863736;0;0;0;0,708967667633938;0;0;0;0;0,804943278095255;0;0;0;0;0,745482458679515;0;0;0;0;0;0;1,03302976460223;0;0;0;0;0;0;0;0;0;0;0;0;0,542686631676868;0;0
"w14";0;0;0;0;0;0,368270160994199;0;0;0;0;0;0,33688397131833;0;0;0;0;0;0;0;0;0;0,574336199804509;0;0;1,36051775862315;0;0;0;0;0;0,403438065434845;0;0,580540863761933;0;0;0;0;1,32824477334201;0;0;1,46754711284935;0;0;0;0,240175603875408;0;0,376799672851915;0;0;0,649142078037311;0,489692551393202;0;0;0;0;0;0;0;0;0;0,512197077598073;0;0;0,765467636494216;0;0;0;0;0,914412537751255;0;0;0;1,18908721162654;0;0;0;0,357814125221339;0;0;0;0;0;0;2,67251628797077;0;0;0;0;0;0;0;1,73983162263824;0;0;0;0;0;0,932498308948103;0;0;1,12185010994169;0;0;0;0;0;0;0;0;0;0;0;0;0;0,386459425452018;0;0;0;0;0;0;0;0;0;1,90132074019165;0;0;0;0;0,365819734925643;0;0;0,34630988173487;0;0;0,527967207351962;0;0;0,335304311943458;0;0;0;0,655819145789205;0;0;0;0,650527202943073;0;0;0;0;0;0;1,23010445509332;0;0;0;0;0;0;0;0;0;0;0;0;0;0;2,86626759220626;0;0;0;0;0;0;0,39662168928674;0;0;0;0;0;1,40553774490385;0;0;0;0;0;0;0;1,11867721645901;0;0;0;0;0;1,52526167828862;0;0;0;0;0,506618247750396;0;0;0;0;0;0;0;0;0;0;0;0;0;0;0;0;0;0;0;0;2,1461310263956;0;0;0;0;0;0;0;0;0;0;0;0;0;0;0;0,860726590592647;0;0;0;0;0;0;0;0;0;0;0;0,471923976845566;0;0;0;0;0,656736631758688;0;0;0;0;0,665411019710394;0;0;0;0;0;0;0;0,74489864545837;0;0;0;1,56403558499221;0;0;0;0;0;0;0;0;0;0;0;0;0;0;0,426214501587701;0;0;0;0;0;0;0,671077091112688;0;0;0;0;0;0;0;0;0;0;0;0;0;0;0;0;0;0,874097908938515;0;0;0;0;0;0;0;0;0;0;0;0;0;0;0;0;0;0;0;0;0;0;0;0;0;0;0;0;0;0;0;0;0;0;0;0;0;0;0;0;0;0;0;0;0;0;0;0;0;0;0;0;0;0;0;0;0;0;0;0;0;0;0;0;0;0;0;0;0;0;0;0;0;0;0;0;0;0;0;0;0;0;0;0;0;0;0;0;0;0;0;0;0;0;0;0;0;0
"w15";0;0;0;0;0;0,239961480301105;0;0;0;0;0;0;0;0;0;0;0;0;0;0;0;0,160453702402879;0;0;1,1176275458051;0;0;0;0;0;0,265878067565212;0;0,351943451989808;0;0;0;0;0,730389433443177;0;0;1,18886691014596;0;0;0;0;0;0,216456216764491;0;0;0,341442021813322;0,36634147711194;0;0;0;0,13345035255934;2,09377704057464;0;0;0;0;0;0;0;0,570338945153199;0;0;0;0;0;0,724902895848846;0;0;0,947187657099843;0;0;0;0,231679527958874;0;0;0;0;0,935874016290361;0;0;1,83120417479178;0;0;0;0;0;0;0;1,59777283654233;0;0;0;0;0,546647810623242;0;0;0;0,666791626227645;0;0;0;0;0;0;0;0;0;0;0;0,0931997669897653;0,207124506720707;0;0;0;1,78666295679653;0;0;0;0;0;0;1,98590780867986;0;0;0;0,19324971879195;0;0;0;0,168015780546372;0;0;0;0;0,402390161579443;0;0;0;0;0,269087609069537;0;0;0,70360221651145;0;0;0;0;0;0;0,817248508361453;0;0;0;0,118506789636089;0,282087363684143;0;0;0;0;0;0;0;0;0;0;2,57409456047886;0;0;0;0;0;0,197274615301867;0;0;0;0;0;1,29481422381285;0;0;0;0;0;0;0;0;0,869642047639293;0;0;0;0;1,1588844512329;0;0;0;0;0,373222894452666;0;0;0;0;0;0;0;0;0;0;1,1941748599385;0;0;0;0;0;0;0;0;0;0;0;2,01761100299239;0;0;0;0;0;0;0;0;0;0;0;0;0;0;0;1,03659235883545;0;0;0;0;0;0;0;0,305661658011198;0;0;0;0;0;0;0;0,544217112150571;0;0;0;0;0;0,523728181773054;0;0;0;0;0;0;0,651242179932719;0;0;0;0;2,32377558183835;0;0;0;0;0;0;0;0;0;0;0;0;0;0,564990125828521;0;0;0;0;0;0;0,715463416138158;0;0;0;0;0;0;0;0;0;0;0;0;0;0;0;0;0;0,984371335002523;0;0;0;0;1,44136083933893;0;0;0;0;0;0;0;0;0;0;0;0;0;0;0;0;0;0;0;0;0;0;0;0;0;0;0;0;0;0;0;0,343798989166347;0;0;0;0;0;0;0;0;0;0;0;0;0;0;0;1,48725915214551;0;0;0;0;0;0;0;0;0;0;0;0,355133752264586;0;0;0;0;0,445948814052877;0;0;0;0;0;0;0;0;0;0;0,318959879353267;0;0;0;0;0;0;0;0;0;0;0;0;0;0;0;0
"w16";0;0;0;0;0;0;0;0;0,144199133980338;0;0,380429201072601;0,347502331360672;0,101214883173887;0;0,14874674295805;0;0;0,102677860959829;0;0,275749795850949;0,159162961295123;0,980791283759222;0;0;0,833279715169496;0;0,589288527898878;0;0,272979412535951;0;0,16192239253404;0,206057357528759;0,689058481673147;0;0;0,175606474493017;0;1,54921086866151;0;0;1,19563365280424;0;0;0,574577887278235;0,903291227518837;0,584333730198721;0,297640824013155;0,0459095714971236;0;1,09573266305721;0,625253707116991;0;0;0;0;0;0;0,585236430461998;0;1,01130448308844;0;0,560341627417965;0;0;0;0;0,325225507184449;0;0,474173990906848;0,257447049886754;0;0;1,2125200975626;0;0;0;0,162955219300323;0;0;0,257447049886754;0,117191113907808;1,56779123894955;0;1,54886669825935;0;0;0;0,050925691443195;0,145250419273314;0,780513711182561;0;0,825682035658084;0;0;0;0,241033317127638;0;0;1,27994448689424;0;1,23208377359266;0;0;0;0;0;0;0,128295771926915;0,293421599213544;0;1,38158023159355;0;0,663313853468203;0;0;0,745198039815108;0;0;0;0;0;0;0;0,815879171383896;1,14525655723243;0;0,329895480500909;0,80543643449748;0;1,02839354815509;0;0;0,689668281169649;0;0;0;0;0,803987460751126;0;0;0;0;0,901813067066401;0;0;0;0,657035252220436;0;0;0;0,0497703565564372;0,0318860084100304;0;0,618076096451838;0;0;0;0;0,958211933720705;0;0;0;0,0589758757950423;0,0938677164240688;0;0;0;2,2912889203854;0;0;0;0;0;0;0,0369727879109756;0,062025646567104;0;0;0,657664889255499;0;0;0;0;0;0,762350628663142;0,503729244582072;0,468359506612468;0;0,275749795850949;1,32561879689257;0;0;0;0;1,38290181992822;0;0;0;0;0;0;0,843959742800583;0;0;0;0;0,233686566947488;0;0;0;0;0;0;0;0;0;0,367892995778181;0;0;0,176964639820715;0;0,600903190031481;1,3365324899557;0;0;0;0;0;0;0;0,210660887352858;0;0;0;0,234327561793402;0,137162178671447;0;0,118630921222394;0;0,132561459215571;0,213936196112567;0;0;0;0,399351241503818;0;0;0,105961756418197;0;0;0,535048427494714;0;0;0;0;0,681301995238514;0;0;0;0;0,346643630522196;0,413914016561867;0;0;0;0;0,0752601051363974;0,437200728287425;0,418987932885772;0;0;0;0;0;0;0;0;0;0;0;0,126869822983801;0;0;0;0;0,42826775767567;0;0;0;0,142444532087909;0;0;0;0,565876505424888;0;0;0;0;0;0;0;0,333383704028285;0;0;0;0;0,0942363596369139;0;0;0;0;0;0;0;0;0;0;1,10395744700578;0;0;0;0;0;0;0;0;0;0;0;0,12114560650567;0,141741828406691;0;0;0;0;0;0;0;0;0;0;0;0;0;0,23176111347006;0;0;0;0;0,26057288273059;0;0;0;0;0;0,229831945468245;0;0;0;0,11068620327024;0,183727934288991;0;0;0;0;0,79689349086323;0;0;0;0;0;0;0;0;0;0;0;0,215569836388976;0;0;0;0,0879508676254546;0,0192533472740768;0,123296029354677;0;0;0;0,218503680359305;0;0;0;0;0;0,215243321766383;0;0;0;0;0;0;0;0;0;0;0;0;0;0;0;0
"w18";0;0;0;0;0;0;0;0;0;0;0;0,0987460360792541;0;0;0;0;0;0;0;0;0;0,377014713250654;0;0;0,613808015509785;0;0;0;0;0;0;0;0,241220154129904;0;0;0;0;0,99302795922242;0;0;0,770780144613704;0;0;0;0,152540721299157;0,163813171148424;0,124956823615684;0;0;0,494945868910271;0,238311145795036;0;0;0;0,141598296357585;0;0;0,0449265460229427;0,0198718051751099;0;0,192758176384922;0,235602325475316;0;0,311710770572008;0;0,127284766487083;0;0;0,446120608723444;0;0;0;0,870803791321988;0;0;0;0;0;0;0;0;0;2,25710036344938;0;0;0;0;0;0;0;0;1,36723702465625;0;0;0;0;0;0,72860633234098;0;0;0,855879205049382;0;0;0;0;0;0;0,119816192990725;0;0;0;0;0;0,0499635280422886;0,154352874088346;0;0;0;0;0;0;0;0;0;1,62278723939116;0;0;0;0;0,291593454696566;0;0;0,296513620335256;0;0;0,561126728971979;0;0;0;0;0;0;0,497678928066809;0;0;0;0,423554159908955;0;0;0;0;0;0;0,850591247217964;0;0;0;0,326299369381314;0;0;0;0;0;0;0;0;0;0;2,87416293696789;0;0;0;0;0;0;0;0;0;0;0;0;0;1,17841607121103;0;0;0;0;0;0;0;1,06774621466824;0;0;0;0;1,40000375091206;0;0;0;0;0,393363929582308;0;0;0;0;0,156387628381714;0;0;0;0;0;1,61939389105897;0;0;0;0;0;0;0;0;0;0;0;2,33004561882369;0;0;0;0;0;0;0,119347549891353;0;0;0;0;0;0;0,888771679208801;0;0;0;0;0;0;0,116296004616333;0;0;0,338044953998806;0;0;0,291001404726044;0;0;0;0;0,808427068348328;0;0;0;0;0,411202181232081;0,282277491231539;0;0;0;0;0;0,798493963632406;0;0;0;0;2,53484840554992;0;0;0;0;0;0;0;0,0881630104523402;0;0;0;0;0,547931003958065;0;0;0;0;0;0;0;0,823955439456897;0;0;0;0;0;0;0;0,218344697554782;0;0;0;0;0;0;0;0;0;0;0;0;0;0;0;1,57676751993985;0;0;0;0;0;0;0;0;0;0;0,185106427472883;0;0;0;0;0;0;0;0;0;0;0;0,288827550972623;0;0;0;0,15004363704853;0;0;0;0;0,395677863695819;0;0;0;0;0;0,282874727241121;0;0;0;0,335782356024707;0;0;0;0;0;1,39301123640217;0;0;0;0;0;0;0,0602106972902206;0,0602106972902206;0;0;0;0,378462771657703;0;0;0;0,411377216327064;0;0;0;0;0;0,370654686433434;0;0;0;0;0;0,309581520463436;0;0;0;0;0;0;0;0;0;0;0;0;0;0;0;0
"w19";0;0;0;0;0;0;0;0;0,142787505266079;0;0,353391533253461;0,403023680231493;0;0;0,0602207800152062;0;0,0584127151300266;0;0;0,13463367378678;0,0460950724162939;0,975481102826192;0;0;1,20040311345784;0;0,317566286370339;0;0,220322228647833;0;0,198260464170972;0,192132777837263;0,653032968167963;0;0;0;0;1,66282878844838;0;0;0;1,29053892024139;0;0;0,453898976777328;0,464735466262292;0,160629849196164;0,0399331039269119;0;0,86719856359659;0,392256064964359;0;0;0;0;1,80294283907181;0;0;0,250378034487527;0;0,617519528382873;0;0,417995342087133;0,264857363440059;0;0,189428389860889;0;0;0;0,60650405791657;0;0;0;1,05820786957525;0;0;0,0746735450587567;0;0;0,0528617829470563;0;0;0;1,59185285381149;0;1,96182583686228;0;0;0;0;0;0;1,43418062101969;0;0;0;0;0;0,955931876838966;0;0;1,10750185529712;0;0;0;0;0;0;0,0720517123021377;0,0764524729811329;1,28045935996043;0;0;0;0;0,20471875421595;0;0;0;2,00827024691842;0;0;0;0;0;1,53594469696967;0;0;0;0;0,385217456841707;0;0;0,222402487567105;0;0;0,300080599733757;0;0,412183027198453;0;0;0;0;0,549724991883065;0;0;0;0,455474702904152;0;0;0;0;0;0;0;0,720376611804375;0;0;0,341752204224262;0;0;0;0;0;0;0;0;0;0;2,42090563192686;0;0;0;0;0;0;0;0;0;0,519038446848251;0;0;0;0,530722913162026;0,594743454621187;0;0;0;0;0;0;0,975310895998955;0;0;0;0;1,27684599450933;0;0;0;0;0,421555431941996;0;0;0;0;0,130581211661433;0;0;0;0;1,25024309918951;0;0;0;0;0;0,0934533033100367;0;0;0;0;0;1,70752071690953;0;0;0;0;0;0;0;0,0681587408187905;0;0;0;0;0;0,322646673769804;0,191573849028377;0,324687937383455;0;0;0;0;0,048355734008696;0,101336775827564;0;0,0976587310143133;0;0;0,1972417871035;0;0;0;0;0,433185335830688;0;0;0;0;0,375806581003777;0;0;0;0;0;0;0;0,587745534178391;0;0;0;1,83038865454162;0;0;0;0;0;0;0;0;0,130977297545952;0;0;0;0;0;0;0,227719099053139;0,155716222618431;0;0;0;0;0,51317839203557;0;0;0;0;0;0;0,131373226608555;0;0;0;0;0;0;0;0;0;0;0;0;0;0;0;0,872494880575169;0;0;0;0;0;0;0;0;0;0;0,118625091148684;0;0;0;0;0;0;0;0;0;0;0;0;0;0;0;0,209031747948122;0;0;0;0;0;0,174753811657877;0;0;0;0;0,111483152070885;0;0;0;0,135619592970008;0;0;0;0;0;0,723446988286716;0;0;0;0;0;0;0;0;0;0;0;0,136210678239444;0;0;0;0;0,175890302410784;0;0;0;0;0,150681267530784;0;0;0;0;0;0;0;0;0;0;0;0;0;0;0;0;0;0;0;0;0;0
"w20";0;0;0;0;0;0;0;0;0;0;0;0;0;0;0;0;0;0;0;0;0;0;0;0;0,306525770800277;0;0;0;0;0;0;0;0;0;0;0;0;0,375694627100568;0;0,66986832049715;0;0;0;0;0;0;0;0;0,432989896608957;0;0,337632692979631;0;0;0;0;0;0;0;0;0;0;0;0;0;0;0;0;0;0,295937984667143;0;0;0;0,378965297363138;0;0;0;0,433608425272738;0;0;0;0;0;0;0;0;0;0;0;0;1,64707817350772;0;0;0;0;0;0;0;0,464056997297364;0;0;0,47420185616597;0;0;0;0;0;0;0;0,404115906605209;0;0;0;0;0;0;0;0,533000284611573;0;0;0;0;0;0,886326291392996;0,42429008284525;0;0;0;0;0;0;0;0;0;0;0;0;0;0;0;0;0;0,677164995442314;0;0;0;0;0,404115906605209;0;0;0;0;0;0;0;0;0;0;0,803995169126772;0;0;0;0;0;0;0;0;0;1,62534521368819;0;1,40876382503729;0;0;0;0;0;0;0;1,36320100898321;0;0;0;0;0;0;0;0;0;0;0;0,735527907728512;0;0;0;0;0,702055713923533;0;0;0;0;0;0,543580979620644;0;0;0;0;0,405388786795401;0;0;0;0;0;0;0,436078721235116;0;0;0;0;0;0;0;0;2,12459361212035;0;0;0;0;0;0;0;0;0;0;0;0;0,499412191505952;0;0;0;0;0;0;0;0;0;0;0;0;0;0;0;0;0;0;0;0,545794300282498;0;0;0;0;0;0,563869655191115;0;0;0;0;0;0;0;0,562783430583433;0,419911627822543;0;0;3,12535234072953;0;0;0;0;0;0;0;0;0;0;0;0;0,977580449343921;0;0;0;0;0;0;0;1,06218905300611;0;0;0;0;0;0;0;0;0;0;0;0;0;0;0;0;0;0;1,73463696928454;0;0;0;0;1,56117268105786;1,75612082398749;0;0;0;0;0;0;0;0;0;0;0;0;0;0,522872134294857;0;0;0;0;0;0;0;0;0;0;0;0,717536334934463;0;0;0;0;0,575204340484749;0;0;0;0;0;0,474795419581904;0;0;0;0;0,259077176693328;0;0;0,451988592755239;0,470037017988486;2,40002644642579;0;0;0;0;0;0;0;0;0;0;0;0,864061094660484;0;0;0;0,897664547305031;0;0;0;0;0;0,968929377453276;0;0;0;0;0;0,76835843502201;0,785031045301333;0;0;0;0;0;0;0;0;0;0;0;0;0;0;0
"w21";0;0;0;0;0;0;0;0;0;0;0;0,178101811531151;0;0;0;0;0;0;0;0;0;0,214544615088026;0;0;1,00631987873918;0;0;0;0;0;0;0;0,295348144703644;0;0;0;0;0,655697356348287;0;0;0,937554011956681;0;0;0;0;0;0;0;0,425434891648936;0;0,248566235271062;0;0;0;0;0;0;0;0;0;0;0;0;0,335170815324688;0;0;0;0;0,429566682394479;0;0;0;0,634476210958825;0;0;0;0,180545963894213;0;0;0;0;0;0;2,23183267043887;0;0;0;0;0;0;0;1,27621367047199;0;0;0;0;0,499091419537435;0;0;0;0,67548589588307;0;0;0;0;0;0;0;0;0;0;0;0;0;0;0;0;0;1,9989229283217;0;0;0;0;0;0;0;0;0;0;0,222769183056265;0;0;0,153743993452053;0;0;0;0;0,587388027197846;0;0;0;0;0,416477239553717;0;0;0,535407918812908;0;0;0;0;0;0;0,469057689159499;0;0;0;0,539962645945572;0;0;0;0;0;0;0;0;0;0;2,57029309683247;0;0;1,90606496504945;0;0;0;0;0,29098583390776;0;0;0,375479020790066;0;0,945158842669779;0;0;0;0;0;0;0;0;0,890468933958996;0;0;0;0;1,1643611850845;0;0;0;0;0;0,251602475098085;0;0;0;0;0;0;0;0;0;0;0;0;0;0;0;0;0;0;0;0;2,3286309577771;0;0;0;0;0;0;0;0;0;0;0;0;0;0;0;0,567969091559542;0,493751491575198;0;0;0;0;0;0;0;0,407762840596059;0;0;0;0;0;0;0;0,67126054448533;0;0;0;0;0;0,493751491575198;0;0;0;0;0;0;0,71416423960918;0;0;0;0;2,79366901243646;0;0;0;0;0;0;0;0;0;0;0;0;0;0,634992894687549;0;0;0;0;0;0;0,809456197688957;0;0;0;0;0;0;0;0;0;0;0;0;0;0;0;0;0;0;0;0;0;0;0;1,79304204728801;0;0;0;0;0;0;0;0;0;0;0;0;0;0;0;0;0;0;0;0;0;0;0;0;0;0;0;0;0;0;0;0,402888491418169;0;0;0;0;0;0,263281593964003;0;0;0;0,291714208499295;0;0;0;0;0;1,87911438124519;0;0;0;0;0;0;0;0;0;0;0;0,4617133553248;0;0;0;0,524506564670317;0;0;0;0;0;0,420966095509176;0;0;0;0;0;0,509686484862935;0;0;0;0;0;0;0;0;0;0;0;0;0;0;0;0
"w22";0;0;0;0;0;0;0;0;0;0;0;0;0;0;0;0;0;0;0;0;0;0;0;0;1,20983792377833;0;0;0;0;0;0;0;0,597487986716728;0;0;0;0;0,942077024319809;0;0;1,34239004829646;0;0;0;0;0;0;0;0;0;0;0;0;0;0;0;0;0;0;0;0;0;0;0;0;0;0;0;0,963861586465044;0;0;0;0,983940062463689;0;0;0;0,626324008833981;0;0;0;0;0;2,45656484238957;0;0;0;0;0;0;0;0;1,81664930262667;0;0;0;0;0;0;0;0;0,748263334637363;0;0;0;0;0;0;0;0;0;0;0;0;0;0;0;0;0;0;0;0;0;0;2,06887578386987;0;0;0;0;0;0;0;0;0;0;0;0;0;0;0;0;0;1,26854248150856;0;0;0;0,752969963972298;0;0;0;0;0;0;0,841297842387106;0;0;0;0,38882132820399;0,413299630939959;0;0;0;0;0;0;0;0;0;2,69430826669225;0;2,0255473972665;0;0;0;0;0;0;0;0;0;0;1,21478157632253;0,894316256296554;0;0;0;0;0;0;0;1,15378086051516;0;0;0;0;1,48983367802569;0;0;0;0;0;0;0;0;0;0;0;0;0;0;0;0,910491295561622;0;0;0;0;0;0;0;0;0;1,77977927412122;2,10231681276708;0;0;0;0;0;0;0;0;0;0;0;0;0;0;0;1,11094317264216;0;0;0;0;0;0;0;0;0;0;0;0;0;0;0;0;0,835549874269504;0;0;0;0;0;0,869552299946438;0;0;0;0;0;0;0,981452189554639;0;0;0;0;0;0;0;0;0;0;0;0;0;0;0;0;0,906471997546231;0;0;0;0;0;0;0;0;1,19586424595931;0;0;0;0;0;0;0;0;0;0;0;0;0;0;0;0;0;1,53951881808873;0;0;0;0;0;0;0;0;0;0;0;0;0;0;0;0;0;0;0;0;0;0;0;0;0;0;0;0;0;0;0;0;0;0;0;0;0;0;0;0;0;0;0;0;0;0;0;0;0;0;0;0;0;0;0;0;0;0;0;0;0;0;0;0;0;0;0;0;0;0,788336503488878;0;0;0;0;0;0;0;0;0;0;0;0;0;0;0;0;0;0;0;0;0;0;0;0;0;0;0;0
"w23";0;0;0;0,123288085480001;0;0;0;0;0;0;0;0;0;0;0;0;0;0;0;0;0;0;0;0;0;0;0;0;0;0;0;0;0;0;0;0;0;0,257349119283584;0;0;0;0;0;0;0;0;0;0;0,204454499849078;0;0,253336932919906;0;0;0;0,130890106512328;0;0;0;0;0;0;0;0;0;0;0;0;0;0;0;0;0;0,289655615039591;0;0;0;0,188854068305309;0;0;0;0;1,34466577089075;0;0;0;0;0;0;0;0;0;0,525276072530209;0;0;0;0;0,0834336773389858;0,161467918402118;0;0;0,241338509181527;0;0;0;0;0;0;0;0;0;0;0;0;0;0;0;0;0;0;0;0;0;0;0;1,0399850087418;0;0;0;0;0,241880865162025;0;0;0;0;0;0,361090248114986;0;0;0;0;0;0;0,211326193604916;0;0;0;0,19199368525402;0;0;0;0;0;0;0,341283361512375;0;0,466724692919991;0;0;0;0;0;0;0;0;0;0;0;0;0;2,91009809497357;0;0;0;0;0;0;0;0;0;0;0;0;0,854377823064545;0;0;0;0;0;0;0;0,900185505927245;0;0;0;0;1,25214248693491;0;0;0;0;0;0,2843431596381;0;0;0;0;0;0;0;0;0;1,41099063714789;0;0;0;0;0;0;0;0;0;0;0;0;2,7289029406189;0;0;0;0;0;0;0;0;0;0;0;0;0;0;0,741817883642615;0;0;0;0;0;0;0;0,605395510036433;0;0;0,213420367960498;0;0;0;0;0,965253608417863;0;0;0;0;0,271266342931651;0,257482581986962;0;0;0;0;0;0;0,969125835183132;0;0;0;0;0;0;2,86247909676238;0;0;0;0;0;0;0;0;0;0;0;0;0,549285546022775;0;0;0;0;0;0,931073634067756;0;0;1,23847613648879;0;0;0;0,242287439198658;0;0;0;0;0;0;0;0;0;0;1,29867320417693;0;0;0;0;0;0;0;2,20684930430742;0;0;0;0;0;0;0;0;0;0;0;0;0;0;0,0941758863746848;0,0732168499377947;0;0;0;0;0,434714850254859;0;0;0;0;0;0;0;0;0,565206410197006;0;0;0;0;0,285771224995373;0;0;0;0;0,57681320526012;0;0;0;0;0;1,92841004080575;0;0;0;0;0;0;0,220230934778218;0;0;0;0,509220117565828;0;0;0;0;0;0,547589570166002;0;0;0;0,539770945560276;0;0;0;0;0;0;0,59106308268301;0;0;0;0;0;0;0;0;0;0;0;0;0;0;0
"w24";0;0;0;0;0;0;0;0;0;0;0;0;0;0;0;0;0;0;0;0;0;0;0;0;0,374069201391948;0;0;0;0;0;0;0;0,253787379146694;0;0;0;0;0,448359392329337;0;0,546074965117979;0;0;0;0;0;0;0;0;0,357064217117604;0;0,240923528458223;0;0;0;0;0;0;0;0;0;0;0;0;0;0;0;0;0;0,427877869998429;0;0;0;0,396752293580087;0;0;0;0,250665079348719;0;0;0;0;0;0,916587219939067;0;0;0;0;0;0;0,699800983375332;0;0,655319919852193;0;0;0;0;0;0,491306325221497;0;0;0,312801193285062;0;0;0;0;0;0;0;0;0;0;0;0;0;0;0;0;0;0;0;0;0;0;0;0;0;0;0;0;0;0;0;0;0;0;0;0,338333729724816;0;0;0;0;0;0,340051072730976;0;0;0,406968067802479;0;0;0;0;0;0;0,269254299703829;0;0;0;0;0,446304299730596;0;0;0;0;0;0;0;0;0;1,72274205864031;0;1,83572393919876;0;0;0;0;0,224366700710589;0;0;0;0,757194751393641;0;0;0,309858084358254;0;0;0;0;0;0;0;0,797090933491163;0;0;0;0;0;0,833188425686165;0;0;0;0;0,275374700598672;0;0;0;0;0;0;0;0;0;0;1,18521898856751;0;0;0;0;0;0;0;0;0;0;1,62884992483704;1,58971045197495;0;0;0;0;0;0;0;0;0;0;0;0,239659613376718;0;0;0,451434133975408;0;0;0;0;0,327967272288895;0;0;0;0;0;0;0;0;0;0;0;0,598882553052326;0;0;0;0;0;0,590458220901478;0;0;0;0;0;0;0,556263139203488;0,240607699420171;0;0;0;3,09169663341955;0;0;0;0;0;0;0;0;0;0;0;1,06309348144357;0;0;0;0;0;0;0;0;1,09235944686757;0;0;1,62410974450934;0;0;0;0;0;0;0;0;0;0;0;0;0;0;0;0;0;0;0;0;0;2,27620606018054;0;0;0;0;0;0;0;0;0;0;0;0;0;0;0;0;0;0;0;0;0;0,371855445877031;0;0;0,401335413643349;0;0;0;0;0;0,706563450546854;0;0;0;0;0,52443098261274;0;0;0;0;0;0,343476936186624;0,448359392329337;0;0;0;2,50985726624418;0;0;0;0;0;0,38013188031238;0;0;0;0;0,862276904586122;0;0;0;0;0,608767811712989;0,635937712557901;0;0;0;0,932843153807701;0;0;0;0;0;0;1,26973219238538;0;0;0;0;0;0;0;0;0;0,361552592766154;0;0;0;0;0
"w25";0;0;0;0;0;0;0;0;0;0;0;0,337458673199352;0;0;0;0;0;0;0;0;0;0,443903146393348;0;0;1,38936965059432;0;0;0;0;0;0,166850352826705;0,102350809686059;0,432462563991455;0;0;0;0;1,19229870885107;0;0;1,33512226049101;0;0;0;0,23165072819822;0,217300376150141;0,116695000731933;0;0;0,44648512562276;0,273856366375402;0;1,57690520489419;0;0;1,95315418230667;0;0;0;0,214702731123258;0;0;0;0,501385698039834;0;0;0;0;0,605853144690589;0;0;0;0;0,832934153284404;0;0;0,208833240196045;0;0;0;0;0;0;0;0;0;2,53408054381632;0;0,318464198431732;0;0;0;1,46138260764396;0;0;0;0;0;0,651473259253863;0;0;0,930671573908952;0;0;0;1,34107295089972;0;0;0;0;1,14737503792657;0;0;0;0;0;0;0;0;1,92246110866053;0;0,286212945453757;0;0;0;1,65376050844448;0;0;0;0,216558880148051;0;0;0;0,172486360360348;0;0;0;0,230188338759279;0,197273504311569;0;0;0;0;0,320221153495699;0;0;0;0,393457009997014;0;0;0;0;0;0,316704151042796;0;0,316284635157968;0;0;0,305569493616922;0;0;0;0;0;0;0;0;0;0;2,59919951907708;0;0;0;0;0;0,184430251143814;0;0;0;0,45995038578579;0;0;0;0;0,96573314921767;0;0;0;0;0;0;0,87061144067094;0;0;0;0;1,21178332797231;0;0;0;0;0,257614505232697;0;0;0;0;0;0;0;0;0;1,12874290638344;0;0;0;0;0;0;0;0;0;0;0;1,70452825334804;0;0;0;0;0;0;0;0;0;0;0;0;0;0;0;0,687662969960665;0;0;0;0;0;0;0;0;0;0;0,358113172289624;0;0;0;0;0,382049745117532;0;0;0;0;0,367007105360651;0;0;0;0;0;0;0;0,412616600430511;0;0;0;0;1,97508800301856;0;0;0;0;0;0;0;0;0;0;0;0;0;0;0,274906510866765;0;0;0;0;0;0,492700345409895;0;0;0,759249676669134;0;0;0;0;0;0;0;0;0;0;0;0;0;0;0,325806130293519;0;0;0;0;0,84956521151628;0;0;0;0;0;0;0;0;0;0;0;0;0;0;0;0;0;0;0;0;0;0;0;0;0;0;0;0;0;0;0;0;0;0;0;0;0;0;0;0;0;0;0;0;0;0;0;0,745959182957197;0;0;0;0;0;0;0;0;0;0;0;0;0;0;0;0;0;0;0;0;0;0;0;0;0;0;0;0;0;0;0;0;0;0;0;0;0;0;0;0;0;0;0;0
"w26";0;0;0;0,0804319142435286;0;0;0;0;0;0;0;0,0854626120450804;0;0;0;0;0;0;0;0;0;0,254523723789061;0;0;0,593360488485621;0;0;0;0;0;0;0;0,165828603411952;0;0;0;0;0,619050090444924;0;0;0,690126798752124;0;0;0;0,0894396272236265;0;0;0;0,294230773101072;0;0,32082487886076;0;0;0;0;0;0;0;0;0;0,144631804555375;0;0;0,310743344745649;0;0;0;0;0,362180840472449;0;0;0;0,548494929797952;0;0;0;0,11067518271655;0;0;0;0;0;0;0;2,0445659304515;0;0;0;0;0;0;1,08566604188087;0;0;0;0;0,431460764661203;0;0;0;0;0,579768851868627;0;0;0;0;0;0;0;0;0,60387386297365;0;0;0;0,10388817265517;0;0;0;1,98824257092967;0;0;0;0;0;1,51003198114715;0;0;0;0;0,242738999637595;0;0;0,152529842291164;0;0;0;0;0,408647339959035;0;0;0;0;0,304123559639587;0;0;0;0,358817804654467;0;0;0;0;0;0;0,595223839755284;0;0;0;0,309800339885304;0;0;0;0;0;0;0;0;0;0;0;2,84802227205773;0;0;0;0;0;0;0;0;0;0;0;0;1,07084570589532;0;0;0;0;0;0;0;0,913471563019968;0;0;0;0;1,19722007187324;0;0;0;0;0;0,291471991835403;0;0;0;0;0;0;0;0;0;1,22833961271077;0;0;0;0;0;0;0;0;0;0;0;2,34594159005158;0;0;0;0;0;0;0;0;0;0;0;0;0;0;0;0,789799229595814;0;0;0;0;0,121268623437945;0;0;0,31450649668314;0;0;0,203253519145047;0;0;0;0;0,673707029599567;0;0;0;0;0,207442818485835;0,354541658547349;0;0;0;0;0;0;0,654342808933076;0;0;0;0;0;2,67012693821474;0;0;0;0;0;0;0;0;0;0;0;0;0;0,579408670621531;0;0;0;0;0;0,789799229595814;0;0;1,12473742020029;0;0;0;0,197332464796409;0;0;0;0;0;0;0;0;0;0;1,01958291618563;0;0;0;0;0;0;1,71933334466584;0;0;0;0;0;0;0;0;0;0;0;0;0;0;0;0;0;0;0;0;0,256018209416282;0;0;0;0,0875267423345213;0,0687943689159486;0;0;0;0;0,381905520684126;0;0;0;0;0,261478960284938;0;0;0;0;0,298175777751199;0;0;0;0;0;1,60959608605634;0;0;0;0;0;0;0,138212150716009;0;0;0;0,389012467048609;0;0;0;0;0;0,425595964617426;0;0;0;0,357019550274413;0;0;0;0;0;0;0,417581174579228;0;0;0;0;0;0;0;0;0;0;0;0;0;0;0
"w27";0;0;0;0;0;0;0;0;0;0;0,0569112271615796;0,079584134583595;0;0;0;0;0;0;0;0;0;0,28196068030421;0;0;0,395399284129133;0;0,0581596556416481;0;0;0,069325925809049;0,0521260368869385;0,0599849042263121;0,250073154839781;0;0;0;0;0,844109664408342;0;0;0;0,679998040978061;0;0;0,179924262175989;0,18551060514844;0,106817831849379;0,0388133856863479;0;0,565169111350995;0,23166285392126;0;0;0;0;1,44850511678666;0;0;0,146550664104879;0;0,404453933121824;0;0;0,340489271643007;0,207625786841329;0;0,175892189923344;0;0;0;0,443790766488019;0;0;0,879065702436274;0;0;0;0;0;0;0;0;0;0;1,8978271994955;0;0;0;0;0;0;0;0;1,23566299812858;0;0;0;0;0;0,816565838121412;0;0;0,865643000061626;0;0;0,412114592477665;0;0;0;0,144713456469549;0;0;1,12299054082518;0;0;0,26619829994007;0;0;0;1,36792528184322;1,32718105053243;0;0;0;0;0;1,33998774506821;0;0;0;0;0,348687218223735;0;0;0,251800226560368;0;0;0;0,432362836896546;0;0,246757648509219;0;0;0;0;0;0,619793833607948;0;0,412458571442053;0;0;0;0;0;0;0;0;0;0,639345708646044;0;0,670912794066295;0;0;0;0;0,0423053418711068;0;0;0;0;0;0;2,4732358531536;0;0;0;0;0;0;0;0;0;0,459096251890954;0;0;0;0,898425643174682;0;0;0;0;0;0;1,06139967716159;0;0;0;0;1,34211250899355;0;0;0;0;0;0,528794708066001;0;0;0;0;0,165700288593112;0;0;0;0;0;1,51539281225393;0;0;0;0;0;0;0;0;0;0;0;0;0;1,67561446842631;1,54893276851357;0;0;0;0;0;0;0;0;0;0;0;0,623699474354381;0,524135972337338;0;0;0;0,265256925753994;0;0;0,392915538639726;0;0;0,367765467420933;0;0;0;0,912784104395179;0;0;0;0;0;0;0,39256476997444;0,395431087002208;0;0;0;0;1,00971261455943;0;0;0;0;0;0;1,71699567046039;0;0;0;0;0;0,124111366205043;0;0;0;0;0;0;0;0,262463800101148;0,421019814454481;0;0;0;0,83144071410681;0;0;0;1,1749433176305;0;0;0;0,354502018779629;0;0;0;0;0;0,10090083114093;0;0;0;0;0;1,21585328807108;0;0;0;0;0;0;0;1,66083925701447;0;0,0806739009147944;0;0;0;0;0;0,20854630761421;0;0;0;0;0;0,0611850803961927;0;0;0;0;0;0,278141661253798;0;0;0,190792782883159;0;0;0;0;0;0,525700603068476;0;0;0;0;0,357446340189967;0;0;0;0;0;0,440452088173057;0;0;0;0;0;1,3188796590484;0;0;0;0;0,168816651206625;0;0;0;0,368517157942867;0;0;0;0;0,450735825988261;0;0;0;0;0,414176693676415;0;0;0;0;0;0;0,399746882506667;0;0;0;0;0;0;0;0;0;0;0;0;0
"w28";0;0;0;0;0;0;0;0;0;0;0;0,294106339942832;0;0;0;0;0;0;0;0;0;0,448382711072417;0;0;1,34032357309626;0;0;0;0;0;0;0;0,446810433147187;0;0;0;0;1,14112133712394;0;0;1,27582883665646;0;0;0;0,246234144104743;0;0;0;0,544903289028503;0;0,35024379968288;0;0;0;0;0;0;0;0;0;0;0;0;0,471674966212483;0;0;0;0;0,573726969587887;0;0;0;0,876873994392761;0;0;0;0,248155300462943;0;0;0;0;0;0;2,55816354322505;0;0;0;0;0;0;0;1,61062779756866;0;0;0;0;0,754541311346152;0;0;0;0,896134209434711;0;0;0;0;0;0;0;0;0;0;0;0;0;0;0;0;0;0;0;0;0;0;0;0;0;0;0;0;0,305044974498989;0;0;0;0;0;0;0;0,709590987125838;0;0;0;0;0,535587831206371;0;0;0,380961890156523;0,378437783611705;0;0;0;0;0;0,677003599085867;0;0;0;0,526184779008702;0;0;0;0;0;0;0;0;0;0;2,87587122920565;0;1,37854027855933;0;0;0;0;0;0,37252330636075;0;0;0;0;0,923369817432262;0,898140187921259;0;0;0;0;0;0;0;1,05714299339323;0;0;0;0;1,37792032342422;0;0;0;0;0;0;0;0;0;0;0;0;0;0;0;0,83079350857525;0;0;0;0;0;0;0;0;0;0;0;0;0;0;0;0;0;0;0;0;0;0;0;0;0;0;1,0236840122996;0;0;0;0;0;0;0;0;0;0;0;0;0;0;0;0;0,713214091980457;0;0;0;0;0;0,512280827357956;0;0;0;0;0;0;0,679500416941871;0;0;0;0;2,77729755822784;0;0;0;0;0;0;0;0;0;0;0;0;0,668215313728205;0;0;0;0;0;0;0;0,829184532287693;0;0;0;0;0;0;0;0;0;0;0;0;0;0;0;0;0;0,682612698015455;0;0;0;0;0;1,75134942369344;0;0;0;0;0;0;0;0;0;0;0;0;0;0;0;0;0;0;0;0;0;0;0;0;0;0;0;0;0;0;0;0;0;0;0;0;0;0;0;0;0;0;0;0;0;0;0;1,75985099667096;0;0;0;0;0;0;0;0;0;0;0;0,409131833447351;0;0;0;0;0,491431847248712;0;0;0;0;0;0;0;0;0;0;0,459319978314721;0;0;0;0;0;0;0;0;0;0;0;0;0;0;0;0
"w29";0;0;0,316233488170231;0;0;0;0;0;0;0;0;0;0;0;0;0;0;0;0;0;0;0,2072541211981;0;0;0,221066214005801;0;0;0;0;0;0;0;0;0;0;0;0;0,204971531111876;0;0;0,416161352137463;0;0;0;0;0;0;0;0,259664099471056;0;0,295575821838649;0;0;0;0;0;0;0;0;0;0;0;0;0,215880755006412;0;0;0;0;0,258581728800671;0;0;0;0,374799510032962;0;0;0;0,175520058821728;0;0;0;0;0;0;0;0;0;0;0;0;0;0;1,01050557478735;0;0;0;0;0;0;0,294322686225338;0;0,232247035268169;0;0;0;0;0;0;0;0;0;0;0;0;0;0;0;0;0;0;0;0;0;0;0;1,29463313612737;0;0;0;0;0;0;0;0;0;0;0;0;0;0;0;0;0;0,222414531846736;0;0;0;0,376725925435913;0;0;0;0;0;0;0,44191389527739;0;0;0;0,370160915247679;0;0;0;0;0;0;0;0;0;1,90872382045942;0;1,07352406142621;0;0;0;0;0;0;0;0;0,51575149398887;0;0;0,65716520928476;0;0;0;0;0;0;0;0,752237579930276;0;0;0;0;0;0,832849727139126;0;0;0;0;0,380184148782924;0;0;0;0;0;0;0;0;0;0;0;0;0;0;0;0;0;0;0;0;0;0;2,2816404305381;0;0;0;0;0;0;0;0;0;0;0;0;0;0;0,668585660726056;0;0;0;0;0;0,274908657163618;0;0;0,204057034215731;0;0;0;0;0;0;0;0,667003265830097;0;0;0;0;0;0,672315943000374;0;0;0;0;0;0;0,729911911892161;0;0;0;0;0;0;3,09223019934022;0;0;0;0;0;0;0;0;0;0;0;0;0,985692945682503;0;0;0;0;0;1,06001032921495;0;0;1,6553275861502;0;0;0;0,324986742538733;0;0;0;0;0,257498185334504;0;0;0;0;0;0;1,59463259824739;0;0;0;0;0;0;2,30949219915475;0;0;0;0;0;0;0;0;0;0,35591813376893;0;0;0;0;0;0;0;0;0,216558646068167;0,0667277490918373;0;0,218589566389205;0;0;0,512060208436337;0;0;0;0;0;0,68158122097741;0;0;0;0,651186327487542;0;0;0;0;0;0,305131377628325;0,397675122241659;0;0;0;0;2,40321326544519;0;0;0;0;0;0,23335827243383;0,22465769618608;0;0;0;0,932265168406698;0;0;0;0;0,990392452738548;0;0;0;0;0,901997158565335;0;0;0;0;0;0;1,09861415870433;0;0;0;0;0;0;0,249443264119509;0;0;0;0;0;0;0
"w3";0;0;0;0;0;0;0;0;0;0;0;0;0;0;0;0;0;0;0;0;0;0,0868483814271935;0;0;0,141725639084249;0;0;0;0;0;0;0;0;0;0;0;0;0,329981184361956;0;0;0,269052202678916;0;0;0;0;0;0;0;0,298422770318032;0;0,237773912070967;0;0;0;0,158418737100451;1,12287338642114;0;0;0;0;0;0;0,0686037934729802;0,0923655552669459;0;0;0;0;0;0,156946138664958;0;0;0;0,284656265819541;0;0;0;0;0;0;0;0;1,52578593773586;0;0;0;0;0;0;0;0;0,441372755531323;0,640256959242693;0;0;0;0;0;0,305195893468802;0;0;0,348327294635822;0;0;0;0,164378968028774;0;0;0;0;0,389164045096998;0;0;0;0;0;0;0;1,51129435001962;0;0;0;0;0;0;1,15800804424982;0;0;0;0;0,135722516325467;0;0;0;0,0822935347788405;0;0;0,195698599800811;0;0;0;0;0;0;0,144060855662496;0;0;0;0,216306766213732;0;0;0;0;0;0;0;0;0,501552304896869;0;0;0;0;0;0;0;0;0;0;0;0;0;0;2,77392636967087;0;0;0;0;0;0;0;0;0,382717679425162;0;0;0;0;0,753712534336653;0;0;0;0;0;0,787860601072784;0;0;0;0;0,949056743619449;0;0;0;0;0;0,181869773837888;0;0;0;0;0,0655808622551651;0;0;0;0;1,31032855201578;0;0;0;0;0;0;0;0;0;0;0;0;0;0;2,46716197253143;0;0;0;0;0;0;0;0;0;0;0;0;0;0,599503956490611;0;0;0;0,0468376030895033;0;0;0,32928370726324;0;0;0,141351497850924;0;0;0;0;0;0;0;0;0;0;0;0,37526742680543;0;0;0;0;0;0,718619675048974;0;0;0;0;0;0;0;2,99471426122594;0;0;0;0;0,0787143439304427;0;0;0;0;0;0;0;0,67782864694291;0;0;0;0;0,954008350834669;0;0;0;1,22594849004586;0;0;0;0,125319695105524;0;0;0;0;0,0709152012945791;0;0;0;0;0;0;1,3333998794345;0;0;0;0;0;0;0;2,01493211447634;0;0;0;0;0;0;0;0;0,180251381357226;0;0;0;0;0;0;0;0;0;0;0,295460078028305;0;0;0,155102335853527;0;0;0;0;0;0,364997301595412;0;0;0;0;0,25829064304443;0;0;0;0;0;0,430222153731995;0;0;0;0;0;0;2,10607609644658;0;0;0;0;0,180970990280847;0;0;0;0,575431153967489;0;0;0;0;0;0;0;0;0;0;0,593986177364049;0;0;0;0;0;0,603519279139811;0;0;0;0;0;0;0;0,171756957802937;0,0354622690824996;0;0,0987314790338156;0,0826904330243033
"w30";0;0;0;0;0;0,781912789240468;0;0;0;0;0;0;0;0;0;0;0;0;0;0;0;0,675872397444198;0;0;1,40283675101242;0;0;0;0;0;0;0;1,06107476479617;0;0;0;0;1,35468278141052;0;0;1,45647870783338;0;0;0;0,427648610372403;0;0;0;0;0,820875778073408;0;0;0;0;0;0;0;0;0;0,599649547070588;0;0;0;0;0;0;0;0;1,11210250674492;0;0;0;1,11944550919006;0;0;0;0,70015730918487;0;0;0;0;0;0;2,62496045283484;0;0;0;0;0;0;0;1,75435402870454;0;0;0;0;0;0,610737788350681;0,759228070053232;0;1,02051439549711;0;0;0;0;2,60176197407019;0;0;0;0;0;0;0;0;0;0;0;0;0;0;0;0;0;0;1,7998330432379;0;0;0;0;0;0;0;0;0;0;0;0;0;0;0;0;0;1,05986217603768;0;0;0;0;0;0;0;0;0;0;0,88964447851712;0;0;0;0,122447969490073;0,520468666148287;0;0;0;0;0;0;0;0;2,80672454870291;0;0;0;0;0;0;0;0,824259969759489;0;0;0;0;0;0;1,39175421378627;0;0;0;0;0;0;0;1,19090589224396;0;0;0;0;1,5691908938739;0;0;0;0;0;0;0;0;0;0;0;0;0;0;0;0;0;0;0;0;0;0;0;0;0;0;0;0;0;0;0;0;0;0;0;0;0;0;0;0;0;0;0;0;0;0;0;0;0;0;0;0;0;0;0;0;0;0;0,739365852203141;0;0;0;0;0;0;0;0;0;0;0;0;0;0;0;0;0;1,51264909588215;0;0;0;0;0;0;0;0;0;0;0;0;0;0;0;0;0;0;0;0;0,78830073012973;0;0;0;0;0;0;0;0;0;0;0;0;0;0;0;0;0;0;0;0;0;0;0;1,24537735492949;0;0;0;0;0;0;0;0;0;0;0;0;0;0;0;0;0;0;0;0;0;0;0;0;0;0;0;0;0;0;0;0;0;0;0;0;0;0;0;0;0;0;0;0;0;0;0;0,999342349611378;0;0;0;0;0;0;0;0;0;0;0;0;0;0;0;0;0;0;0;0;0;0;0;0;0;0;0;0;0;0;0;0;0;0;0;0;0;0;0;0;0;0;0;0
"w31";0;0;0,22961574213605;0;0;0;0;0;0;0;0;0;0;0;0;0;0;0;0;0;0;0,255001497565771;0;0;0,314095697205629;0;0;0;0;0;0;0;0,190559144341543;0;0;0;0;0,516796592356136;0;0;0,428776045010055;0;0;0;0;0;0;0;0,317945891102434;0;0,320823839386359;0;0;0;0;0;0;0;0;0;0;0;0;0;0;0;0;0;0,22961574213605;0;0;0;0,46384038101887;0;0;0;0,271238750617433;0;0;0;0;0;1,69307488544576;0;0;0;0;0;0;0;0;0,849061718718273;0;0;0;0;0,407483112552024;0;0;0;0,378519086005684;0;0;0;0;0;0;0;0;0;0;0;0;0;0;0;0;0;0;0;0;0;0;0;0;0;0;0;0;0,363945684563213;0;0;0;0;0;0,364404332843066;0;0;0;0;0;0;0,274254101024087;0;0;0,307807341828295;0;0;0;0;0;0;0;0,348691057447229;0,18234136093104;0;0;0,454246260741468;0;0;0;0;0;0;0;0;0;2,90731992935091;0;0;0;0;0;0;0;0;0;0;0;0;0;0,919393872171817;0;0;0;0;0;0;0;0,938944480280373;0;0;0;0;1,16240704560655;0;0;0;0;0;0,372169339976928;0;0;0;0;0;0;0;0;0;0;0;0;0;0;0;0;0;0;0;0;0;2,73039843347872;0;0;0;0;0;0;0;0;0;0;0;0;0;0;0,595875108662088;0;0;0,168493179154949;0;0;0;0;0;0;0,50371839761413;0;0;0,231712376758442;0;0;0;0;0,889196404610022;0;0;0;0;0,549715702242434;0;0;0;0;0;0;0,941780030678463;0;0;0;0;3,02174462580563;0;0;0;0;0;0;0;0;0;0;0;0;0,482756818781405;0;0;0;0;0;0;0;0,894607936775489;0;0;0;0;0;0;0;0,253977861726933;0;0;0;0;0;0;0;0;0;0;0;0;0;0;0;2,24242964127861;0;0;0;0;0;0;0;0;0;0;0;0;0;0;0;0;0;0;0;0;0;0;0;0,70729908672861;0;0;0;0;0;0;0;0,530483008738302;0;0;0;0;0;0,328933332767808;0;0;0;0;0,550477369110951;0;0;0;0;2,07607409262355;0;0;0;0;0;0;0;0;0;0;0;0,474576211809483;0;0;0;0,527371158645437;0;0;0;0;0;0,605289260208263;0;0;0;0;0;0,694196259742868;0;0;0;0;0;0;0;0;0;0;0;0;0;0;0;0
"w32";0;0;0;0;0;0;0;0;0;0;0;0;0;0;0;0;0;0;0;0;0;0;0;0;0,573166604943712;0;0;0;0;0;0;0;0,6537291522529;0;0;0;0;0,711725131307944;0;0;0,762582168772912;0;0;0;0;0;0;0;0,548904169721261;0;0;0;0;0;0;0;0;0;0;0;0;0;0;0;0;0;0;0;0;0;0;0;0,633624829665789;0;0;0;0,508816633714102;0;0;0;0;0;1,12606872150612;0;0;0;0;0;0;0,803389882577132;0;0,979286691309246;0;0;0;0;0;0,791899465451433;0;0;0;0;0;0;0;0;0;0;0;0;0;0;0;0;0;0;0;0;0;0;0;0;0;0;0;0;0;0;0;0;0;0;0;0;0;0;0;0;0,582709117356363;0;0;0,437297072508428;0,403791230137362;0;0;0;0,647072519880307;0;0;0;0;0;0;0,536548571202652;0;0;0;0,864330312613253;0;0;0;0;0;0;0;0;0;1,97990119251289;0;2,03972491512345;0;0;0;0;0,805292181126747;0;0;0;0,774412426230486;0;0,608490989734057;0;0;0;0;0;0;0;0;1,13293990069493;0;0;0;0;1,18367290229087;0;0;0;0;0;0,563532154968213;0;0;0;0;0;0;0;0;0;0;0;0;0;0;0;0;0;0;0;0;2,52349125930938;0;0;0;0;0;0;0;0;0;0;0;0;0;0,400947734135915;0,26055058806832;0;0;0,968044843616998;0;0;0;0;0;0;0;0;0;0;0;0;0;0;0,546445232709694;0,640371279649234;0;0;0;0;0,938543212130463;0;0;0;0;0;0;1,0751513066848;0;0;0;0;0;0;0;0;0;0;0;0;0;0;0;0;0;1,32543983576226;0;0;0;0;0;0;0;1,29679049127719;0;0;0;0;0;0;0;0;0;0;0;0;0;0;0;0;0;0;0;0;0;0;0;2,47458483230466;0;0;0;0;0;0;0;0;0;0;0;0;0;0;0;0;0;0;0;0;0;0;0;0;0;0;0,980882402377401;0;0;0;0;0;0,991981647418589;0;0;0;0;0,776370600272033;0;0;0;0;0,835246871231308;0;0;0;0;2,54106414712091;0;0;0;0;0;0;0;0;0;0;0;1,01072692434594;0;0;0;0;1,14924062295357;0;0;0;0;1,0751513066848;0;0;0;0;0;1,34778264055529;0;0;0;0;0;0;0;0;0;0;0;0;0;0;0;0
"w33";0;0;1,15362807743944;0;0;0,677806943781828;0;0;0;0;0;0;0;0;0;0;0;0;0;0;0;0;0;0;0,851007032184533;0;0;0;0;0;0;0;0,670576907768348;0;0;0;0;0,848985553290219;0;0;0,907442955857149;0;0;0;0;0;0;0;0;0;0;0;0;0;0;0;0;0;0;0;0;0;0;0;0;0;0;0;0;0;0;0;0,692112060319646;0;0;0;0,706798768718613;0;0;0;0;0,386466177861474;0;1,88380381266925;0;0;0;0;0;0;0;1,25869945310019;0;0;0;0;0;0;0;0;0;0;0;0;0;0;0;0;0;0;0;0;0;0;0;0;0;0;1,85480966787376;0;0;0;0;0;0;0;0;0;0;0;0;0;0;0;0;0;0;0;0;0;0;0;0;0;0;0;0;0;0;0;0;0;0;0;0;0;0;0;0;0;0;0;0;0;0;0;0;2,20128895737812;0;2,29811160792336;0;0;0;0;0;0;0;0;0;0;0;1,0102832998606;0;0;0;0;0;0;0;0,914100928377258;0;0;0;0;0;1,13859443904245;0;0;0;0;0;0;0;0;0;0;0;0;0;0;0;0;0;0;0;0;0;0;0;0;0;0;2,46397272955488;0;0;0;0;0;0;0;0;0;0;0;0;0;0;0;0;0;0;0;0;0;0;0;0;0;0;0;0;0;0;0;0,742879991102809;0;0;0;0;0;0;0;0;0;0;0;0;0;0;0;0;0;3,04491648757583;0;0;0;0;0;0;0;0;0;0;0;0;0,829574906829931;0;0;0;0;0;0;0;0,951775422275142;0;0;0;0;0;0;0;0;0;0;0;0;0;0;0;0;0;0;0;0;0;0;0;2,14324311161342;0;0;0;0;0;0;0;0;0;0;0;0;0;0;0;0;0;0;0;0;0;0;0;0;0;0;0;0;0;0;0;0;0;0;0;0;0;0;0;0;0;0;0;0;0;0;0;2,28484064769497;0;0;0;0;0;0;0;0;0;0;0;0;0;0;0;0;0,709710402745306;0;0;0;0;0;0;0;0;0;0;0,822846973572257;0;0;0;0;0;0;0;0;0;0;0;0;0;0;0;0
"w34";0;0;0;0;0;0,485213649104741;0;0;0;0;0;0;0;0;0;0;0;0;0;0;0;0,432870971649816;0;0;0,957171863060282;0;0;0;0;0;0;0;0,470393879369157;0;0;0;0;0,811213406068697;0;0;1,04720271417059;0;0;0;0;0;0;0;0;0,420392646522753;0;0;0;0;0;0;0;0;0;0;0;0;0;0;0;0;0;0;0,676536623714477;0;0;0;0,743114079487243;0;0;0;0,361119551130217;0;0;0;0;0;0;2,52415718334281;0;0;0;0;0;0;0;1,42188218672697;0;0;0;0;0,767812606280277;0;0;0;0,840510741684444;0;0;0;0;0;0;0;0;0;0;0;0;0;0;0;0;0;0;0;0;0;0;0;0;0;0;0;0;0,345453668127314;0;0;0;0;0;0;0;0,569796481993792;0;0;0;0;0,694198119335993;0;0;0;0;0;0;0;0;0;0;0,555272953162494;0;0,252135458011496;0;0,408815763347708;0;0;0;0;0;0;0;0;0;3,06690816285088;0;0;0;0;0;0;0,362229207472581;0;0;0;0,472382584184961;0;0;1,0549992430158;0;0;0;0;0;0;0;1,04720271417059;0;0;0;0;1,01770004113177;0,952265924405559;0;0;0;0;0,432870971649816;0;0;0;0;0;0;0;0;0;1,38866536911293;0;0;0;0;0;0;0;0;0;0;2,56026182584607;0;0;0;0;0;0;0;0;0;0;0;0;0;0;0;0,77517814544213;0;0;0;0;0;0;0;0;0;0,643603163617474;0;0;0;0;0;0;0,866967670195838;0;0;0;0,308696647413545;0,361119551130217;0;0;0;0;0;0;0;0,74083821329682;0;0;0;0;2,25909629905812;0;0;0;0;0;0;0;0;0;0;0;0;0,337527722515638;0;0,392809958453376;0;0;0;0;0;0,922313851344769;0;0;0;0;0;0;0;0;0;0;0;0;0;0;0;0;0;1,15218970031692;0;0;0;0;0;1,95043360512571;0;0;0;0;0;0;0;0;0;0;0;0;0;0;0;0;0;0;0;0;0;0;0;0;0;0;0;0;0;0;0;0;0;0;0;0;0;0;0;0;0;0;0;0;0;0;0;0;0;0;0;0;0;0;0;0;0;0;0;0;0;0;0;0,499816996688664;0;0;0;0;0;0;0;0;0;0;0;0;0;0;0;0;0;0;0;0;0;0;0;0;0;0,361119551130217;0;0
"w35";0;0;0;0;0;0;0;0;0;0;0;0,210003222045639;0;0;0;0;0;0;0;0;0;0,359973991497993;0;0;1,17487509956259;0;0;0;0;0;0,202024765910159;0,0931582074875779;0,407866009264539;0;0;0;0;1,08993569908127;0;0;0;1,33561566137841;0;0;0,207394342292263;0,175140460420042;0,184137879653986;0,0931582074875779;0;0,491637638794046;0,408026327678627;0;0;0;0;2,02458800639242;0;0;0;0;0,263459134411716;0;0;0,703847299713821;0;0;0,0512199245372143;0;0;0,833693601627594;0;0;0;1,11206128761928;0;0;0,165176140775996;0;0;0;0;0;0;1,27034036526765;0,617544911028056;0;1,51385264429124;0;0,243628424430477;0;0;0;0;1,59460617434453;0;0;0;0;0,661834136880091;0;0;0,812167861229844;0;0;0;1,1115854654557;0;0;0,195899781667493;0;1,16997370950161;0;0;0;0;0,368904486109129;0;0;0;1,73717563366632;0;0,221144489206702;0;0;0;0;1,81298427810709;0;0;0;0,196824224393452;0;0;0;0,239273115818211;0;0;0;0;0,456372983234175;0;0;0;0;0,450193428147906;0;0;0;0,67779153290531;0;0;0;0;0;0;0,842798708238119;0;0;0;0,330501963773425;0;0;0;0;0;0;0;0;0;0;2,35446641335695;0;0;0;0;0;0,150905141142406;0;0;0;0;0;0;0;1,24342897058329;0;0;0;0;0;0;0,896278996760364;0;0;0;0;0;1,1457132723684;0;0;0;0;0,383850914089699;0;0;0;0;0,151112427106572;0;0;0;0;0;1,19684523316751;0;0;0;0;0;0;0;0;0;0;0;1,74326743021277;0;0;0;0;0;0;0;0;0;0;0;0;0;0;0,861579079168507;0;0;0;0;0,116243793119659;0;0;0,17169468800959;0;0;0;0,230951782334169;0;0;0;0,494778243173653;0;0;0;0;0;0;0,542750883886533;0;0;0;0;0;0,607921815365042;0;0;0;0;0;1,97124871797364;0;0;0;0;0;0;0;0;0;0;0;0;0;0,446138139326253;0;0;0;0;0;0,652671704792639;0;0;1,00710668662448;0;0;0;0,169933439615307;0;0;0;0;0;0;0;0;0;0;0;0,924951427041984;0;0;0;0;0,708250014133637;0,775845478113603;0;0;0;0;0;0;0;0;0;0;0;0;0;0;0;0;0;0;0;0;0;0;0;0;0,280539690419115;0;0;0;0;0;0,26795649779333;0;0;0;0;0,245516136367524;0;0;0;0;0,200447712753346;0;0;0;0;0;1,15540214699545;0;0;0;0;0;0;0;0;0;0;0,299241647912416;0;0;0;0;0,341870119980114;0;0;0;0;0,277987003425368;0;0;0;0;0;0,235533907620404;0;0;0;0;0;0;0;0;0;0;0;0;0;0;0
"w36";0;0;0;0;0;0;0;0;0;0;0;0;0;0;0;0;0;0;0;0;0;0,141007043274639;0;0;0,307819408529462;0;0;0;0;0;0;0;0,249084720503941;0;0;0;0;0,589268424315674;0;0;0,432654624478909;0;0;0;0;0;0;0;0,381252232190327;0;0,179924462405257;0;0;0;0;0;0;0;0;0;0;0;0;0;0;0;0;0;0,435834635182124;0;0;0;0,453146200628079;0;0;0;0,147870847129333;0;0;0;0;1,46918272899628;0;1,2320385665806;0;0;0;0;0;0;0;0,884435704593345;0;0;0;0;0;0,496824956987021;0;0;0,487939169002657;0;0;0;0;0;0;0;0;0;0;0;0;0;0;0;0;0;0;0;0;0;0;0;1,15388086876233;0;0;0;0;0,22901441261141;0;0;0,228714025710827;0;0;0,355120890389063;0;0;0;0;0;0;0,388320234956841;0;0;0;0,0941752493859093;0,157111289108171;0;0;0;0;0;0;0;0,475224039072148;0;0,426880354726639;0;0;0;0;0;0;0;0;0;0;0;2,98559320795373;0;0;0;0;0;0,226759308356952;0;0;0;0;0;0;0;1,02692214633513;0;0;0;0;0;0;1,04208810516563;0;0;0;0;1,38448762126379;0;0;0;0;0;0,269192988206869;0;0;0;0;0;0;0;0;0;1,5254450002126;0;0;0;0;0;0;0;0;0;0;0;0;2,47196979647327;0;0;0;0;0;0;0;0;0;0;0;0;0;0;0,671668476844075;0;0;0;0;0;0,183859876404857;0;0,37569133132547;0;0;0,31528617478294;0;0;0;0;0,763402579044553;0;0;0;0;0,350476865791219;0,294827822481466;0;0;0;0;0;0;0,772949333072849;0;0;0;0;0;0;2,79342115940912;0;0;0;0;0;0;0;0;0;0;0;0;0,561549580419357;0;0;0;0;0;0,891273826891581;0;0;1,25237446558642;0;0;0;0;0,210676620124206;0;0;0;0;0;0;0;0;0;1,27172292872576;0;0;0;0;0;0;1,84006326151343;0;0;0;0;0;0;0;0;0;0;0;0;0;0;0;0;0;0;0;0;0;0,28009684483325;0;0;0;0,173119109627549;0;0;0;0,224348245236712;0,200994038460834;0;0;0;0;0;0,298056538938711;0;0;0;0;0,356179360363833;0;0;0;0;1,77879201104638;0;0;0;0;0;0;0;0;0;0;0;0,424166006008622;0;0;0;0;0,468273496399028;0;0;0;0;0,443377176608854;0;0;0;0;0,39151652282756;0;0;0;0;0;0;0;0;0;0;0;0;0;0;0;0
"w38";0;0;1,07567415293961;0;0;0;0;0;0;0;0;0;0;0;0;0;0;0;0;0;0;0,347478976524069;0;0;0;0;0;0;0;0;0;0;0,542936197618127;0;0;0;0;0;0;0;0,57891661100435;0;0;0;0;0;0;0;0;0;0;0;0;0;0;0;0;0;0;0;0;0;0;0;0;0;0;0;0;0;0;0;0;0;0;0;0,977854126499536;0;0;0;0;0;0;0;0;0;0;0;0;0,590628034544842;0,190762780309218;0,67145995769243;0;0;0;0;0;0;0;0;0;0;0;0;0;0;0;0;0;0;0;0;0;0;0;0;0;0;0;0;0;0;0;0;0;0;0;0;0;0;0;0;0;0;0;0;0;0;0;0;0;0;0;0;0;0;0;0;0;0;0;0;0;0;0;0;0;0;0;0;0;0;0;0;0,594204128616414;0;0;1,55558012303484;0;1,61003268491884;0;0;0;0;0;0,521093803772165;0;0;0,85163968136727;0;0;0;0;0;0;0;0;0;0;0,742403772341111;0;0;0;0;0;1,06959019797736;0;0;0;0;0;0;0;0;0;0;0;0;0;0;0;0;0;0;0;0;0;0;0;0;0;1,32692241010198;1,82964509098999;0;0;0;0;0;0;0;0;0;0;0;0;0;0;0;0;0;0;0;0;0;0;0;0;0;0;0;0;0;0;0;0;0;0;0;0;0;0;0,631000683135351;0;0;0;0;0;0,713518981479582;0;0;0;0;3,28318029980059;0;0;0;0;0;0;0;0;0;0;0;0;1,14181254383934;0;0;0;0;0;0;0;1,16578056589427;0;0;0;0;0;0;0;0;0;0;0;0;0;0;0;0;0;0;1,20190451109516;0;0;0;0;0;2,4841060577924;0;0;0;0;0;0;0;0;0;0;0;0;0;0;0;0;0;0;0;0;0;0;0;0;0;0;0;0;0;0;0;0,815106964823539;0;0;0;0;0;0;0;0;0;0;0;0,778674124607338;0;0;2,69943819245512;0;0;0;0;0;0;0;0;0;0;0;0,989942225630599;0;0;0;0;1,12147858637876;0;0;0;0;1,11566781061526;0;0;0;0;0;1,51732177262577;0;0;0;0;0;0;0;0;0;0;0;0;0;0;0;0
"w39";0;0;0;0,946644363326703;0;0;0;0;0;0;0;0;0;0;0;0;0;0;0;0;0;0;0;0;1,02924738288207;0;0;0;0;0;0;0;0,647791226353713;0;0;0;0;0,920275208730676;0;0;0,96559925848068;0;0;0;0;0;0;0;0;0;0;0;0;0;0;0;0;0;0;0;0;0;0;0;0;0;0;0;0;0;0;0;0,702512217739574;0;0;0;0,830291653102808;0;0;0;0;0;2,06585750629137;0;0;0;0;0;0;0;0;1,34405030366174;0;0;0;0;0;0;0;0;0;0;0;0;0;0;0;0;0;0;0;0;0;0;0;0;0;0;1,89214471251214;0;0;0;0;0;0;0;0;0;0;0;0;0;0;0;0;0;0;0;0;0;0;0;0;0;0;0;0;0;0;0;0;0;0;0;0;0;0;0;0;0;0;0;0;0;0,807241341881444;0;0;2,43224825540839;0;2,20515336494389;0;0;0;0;0;0;0;0;0,503730924510888;0;0,869083659857828;0;0;0;0;0;0;0;0;0,83072149810732;0;0;0;0;1,06557827914235;0;0;0;0;0;0;0;0;0;0;0;0;0;0;0;0;0;0;0;0;0;0;0;0;0;0;0;2,35304207437973;0;0;0;0;0;0;0;0;0;0;0;0;0;0;0,758559402677505;0;0;0;0;0;0;0;0;0;0;0;0;0;0;0;0;0;0;0;0;0;0;0;0;0;0;0;0;0;0;0;0;0;0;3,077442058126;0;0;0;0;0;0;0;0;0;0;0;0;0;0;0;0;0;0;0;0;0;0,894402294999002;0;0;0;0;0;0;0;0;0;0;0;0;0;0;0;0;0;0;0;0;0;0;2,05858284960564;0;0;0;0;0;0;0;0;0;0;0;0;0;0;0;0;0;0;0;0;0;0;0;0;0;0;0;0;0;0;0;0;0;0;0;0;0;0;0;0;0;0;0;0;0;0;0;2,30747684876358;0;0;0;0;0;0;0;0;0;0;0;0;0;0;0;0;0;0;0;0;0;0;0;0;0;0;0;0,825551123112592;0;0;0;0;0;0;0;0;0;0;0;0;0;0;0;0
"w4";0;0;0;0;0;0;0;0;0;0;0;0;0;0;0;0;0;0;0;0;0;0;0;0;0,233879121258929;0;0;0;0;0;0;0;0,199075038151786;0;0;0;0;0,302629951149594;0;0;0,319736780417092;0;0;0;0;0;0;0;0,237458755333042;0;0,160347297185258;0;0;0;0,230563431708372;0;0;0;0;0;0;0;0;0;0;0;0;0;0;0,359929133897013;0;0;0;0,392702012338055;0;0;0,161830686467135;0;0;0;0;0,902429404560697;0;0;1,01992716739316;0;0;0;0,483312323869385;0;0;0;0,77506164006738;0;0;0;0;0;0,29253580954618;0;0;0,269111590157159;0;0;0;1,24236258886471;0;0;0;0;0;0;0;0;0;0;0;0;1,6384542079333;0;0;0,446754865340204;0;0;0;1,17116192982379;0;0;0;0;0,232498919751272;0;0;0;0;0;0,139648586611003;0;0,266177988740271;0;0;0;0;0;0,309047370995893;0;0;0,273363342435348;0;0;0;0;0;0;0;0;0;0,684191698265687;0;0;0;0;0;0;0;0;0;0;0;2,65113105802385;0;0;0;0;0;0;0,28888727377221;0;0;0,295652565658697;0;0;0;0;0,66358398677953;0;0;0;0;0;0;0,74358306220662;0;0;0;0;0,996914732626999;0;0;0;0;0;0,257325192207665;0;0;0;0;0;0;0;0;0;0,77474046636746;0,779547274358841;0;0;0;0;0,304430983885199;0;0;0;0;0;2,54868006386533;0;0;0;0;0;0;0;0;0,198789377731523;0;0;0;0;0;0;0,479003977983764;0,29591185737889;0;0;0;0;0;0;0,548627601652068;0;0;0;0;0;0;0;0,868206866475039;0;0;0;0;0;0,394348041312976;0;0;0;0;0;0;0,87549429619209;0;0;0;0;0;2,81576737387226;0;0;0;0;0;0;0;0;0;0;0;0;0;0,551241898105896;0;0;0;0;0;0,823177526321889;0;0;1,19855167610018;0;0;0;0;0,222783799455446;0;0;0;0;0;0;0;0;0;0;1,17934003324411;0;0;0;0;0;0;1,53014125400933;1,4908183937997;0;0;0;0;0;0;0;0;0;0;0;0;0;0;0;0;0;0;0;0;0,462899729318101;0;0;0;0;0;0;0;0;0,54782182580753;0;0;0;0;0,153794115707177;0,12067709820103;0;0;0;0;0,494215319217285;0;0;0;0;1,93394084468209;0;0;0;0;0;0;0;0;0;0;0,473809341008317;0;0;0;0;0,543783178594103;0;0;0;0;0;0,49123415793476;0;0;0;0;0;0;0,643275627762741;0;0;0;0;0;0;0;0,615790963135052;0,398334296374611;0;0;0
"w40";0;0;0,936081137294399;0;0;0;0;0;0;0;0;0;0;0;0;0;0;0;0;0;0;0,289498414838577;0;0;0;0;0;0;0;0;0;0;0,45115369571761;0;0;0;0;0;0;0;0,391727574679015;0;0;0;0;0;0;0;0,455379240100803;0;0;0;0;0;0;0;0;0;0;0;0;0;0;0;0;0;0;0;0;0;0;0;0,533910523045157;0;0;0;0,474176295305926;0;0;0;0;0;0;0,614843039655822;0;0;0;0;0;0,495162350194472;0;0,685115846647093;0;0;0;0;0;0;0,557506176539607;0;0;0;0;0;0;0;0;0;0;0;0;0;0;0;0;0;0;0;0;0;0;0;0;0;0;0;0;0;0;0;0;0;0;0;0;0;0;0;0;0;0;0;0;0;0;0;0;0;0;0;0;0;0;0,410094586060303;0;0;0,130696503406221;0,407333297546171;0;0;0;0;0;0;0;0;0;2,10378949970697;0;1,28082995475499;0;0;0;0;0;0,654923269416351;0;0;0,512237466870703;0;0;0;0,552257446846948;0;0;0;0;0;0;0;0,834272252747302;0;0;0;0,963724520624632;0;0;0;0;0;0;0;0;0;0;0;0;0;0;0;0;0;0;0;0;0;0;0;0;0;0;0;2,40500965950234;0;0;0;0;0;0;0;0;0;0;0;0;0;0;0,31286611915301;0;0,314081001610711;0,367852630795908;0;0;0;0,428671817485538;0;0;0,404009655101469;0;0;0;0;0;0;0;0,823752522108225;0;0;0;0;0;0,633541414144458;0;0;0;0;0;0;0,869024442377559;0;0;0;3,11248515993242;0;0;0;0;0;0;0;0;0;0;0;0;0;1,09514343546031;0;0;0;0;0;0;1,06408723078913;0;0;0;0;0;0;0;0;0;0;0;0;0;0;0;0;0;0;1,52375915673372;0;0;0;0;0;2,38485326284246;0;0;0;0;0;0;0;0;0;0;0;0;0;0;0;0;0;0;0;0;0;0;0;0;0;0,785089589367981;0;0;0;0;0;0,52951544821302;0,417238454881691;0;0;0;0,59533022543224;0;0;0;0;0,31832150470895;0;0,493641630094029;0;0;2,4202711643263;0;0;0;0;0;0;0;0;0;0;0;0,811645614619886;0;0;0;0;0;0,954488050787454;0;0;0;0;0,87423867162418;0;0;0;0;0;1,21523267226918;0;0;0;0;0;0;0;0;0;0;0;0;0;0;0
"w43";0;0,482127278934861;0;0;0;0;0;0;0;0;0;0;0;0;0;0;0;0;0,639683044121947;0;0;0,482127278934861;0;0;1,32660958274287;0;0;0;0;0;0;0;1,09444279527461;0;0;0;0;1,27068029992632;0;0;1,41934899768251;0;0;0;0;0;0;0;0,961044646787131;0;0,742341938685395;0;0;0;0;0;0;0;0;0;0;0;0;0,802953018636669;0;0;0;0;0,835436259481782;0;0;0;1,52547737371768;0;0;0;0;0;0;0;0;0;2,48234893407937;0;0;0;0;0;0;0;0;1,84517678159607;0;0;0;0;0,972431198939368;0;0;0;0,993117846933013;0;0;0;0;0;0;0;0;0;0;0;0;0;0;0;0;0;0;0;0;0;0;0;0;0;0;0;0;0;0;0;0;0;0;0;0;0;0;0;0;0;0,526627884649658;0;0;0;0,85325480834638;0;0;0;0;0;1,09598337838179;0;0;0;0;0,73353334625912;0;0;0;0;0;0;0;0;0;2,8088925683026;0;0;0;0;0;0;1,59232354572762;0;0;0;0,527987116077747;0;1,38995523215003;0;0;0;0;0;0;0;0;1,16655493755832;0;0;0;0;1,48509799517145;0;0;0;0;0;0;0;0;0;0;0;0;0;0;0;1,58243510939838;0;0;0;0;0;0;0;0;0;0;0;0;0;0;0;0;0;0;0;0;0;0;0;0;0;0;0,986269736349823;0;0;0;0;0;0;0;0;0;0;0;0;0;0;0;0;0,781047708670316;0;0;0;0;0;0;0;0;0;0;0;0;0,9113824576205;0;0;0;2,4861897671909;0;0;0;0;0;0;0;1,13300477764863;0;0;0;0;0;0;0;0;0;0;0;0;0;0,819326528377835;0;0;0;0;0;0;0;0;0;0;0;0;0;0;0;0;0;0,792581740973083;0;0;0;0;0;0;0;0;0;0;0;0;0;0;0;0,761882079068136;0;0;0;0;0;0;0;0;0;0;0;0;0;0;0;0;0;0;0;0;0;0;0;0;0;0;0;0;0;0;0;0;0;0;0;0;0;0;0;0;0;0;0;0;0;0;0;0;0;0;0;0;0;0;0;0;0;0;0;0;0;0;0;0;0;0;0;0;0;0;0;0;0;0;0;0;0;0;0;0;0;0
"w44";0;0;0;0;0;0;0;0;0;0;0;0;0;0;0;0;0;0;0;0;0;0,355178762224552;0;0;0,81229714713424;0;0;0;0;0;0;0;0,368729184888565;0;0;0;0;0,85888731648517;0;0;0,875945966249192;0;0;0;0,208845919002471;0;0;0;0;0,49937516244991;0,285799839513429;0;0;0;0;0;0;0;0;0;0;0;0;0;0;0;0;0;0,596206501987315;0;0;0;0,672463287824424;0;0;0;0,19397333917361;0;0;0;0;0;0;0;2,15624200631975;0;0;0;0;0;0;1,24871161192832;0;0;0;0;0;0;0,615136929845198;0;0,719289704004166;0;0;0;0;0;0;0;0;0;0;0;0;0;0;0;0;0;0;1,58119591198543;0;0;0;0;1,50405577392487;0;0;0;0;0,288339700805518;0;0;0;0;0;0;0;0,502707405208481;0;0;0;0;0;0,264271382012003;0;0;0,348632639431201;0;0;0;0;0;0;0,376598009151303;0;0,182760023745718;0;0,513144637838723;0;0;0;0;0;0;0;0;0;0;2,44518700660442;0;1,77813650862576;0;0;0;0;0,292137438123561;0;0;0,502195474656037;0;0;0,42808316966391;0,474681137712027;0;0;0;0;0;0;0;0,85295554660101;0;0;0;0;1,18092972441539;0;0;0;0;0,331470160173527;0;0;0;0;0;0;0;0;0;0;0;0;0;0;0;0;0;0;0;0;0;2,38676500236733;0;0;0;0;0;0;0;0;0;0;0;0;0;0;0,697204460827672;0;0;0;0;0;0;0;0;0;0,377178429275672;0;0;0;0;0;0;0;0,762838124875554;0;0;0;0;0;0,466223935990168;0;0;0;0;0;0,687253666502316;0;0;0;0;2,75931503783981;0;0;0;0;0;0;0;0;0;0;0;0;0;0,62061042222525;0;0;0;0;0;0;0,786043827396279;0;0;0;0;0;0;0;0;0;0;0;0;0;0;0;0;0;0;1,09825121978748;0;0;0;0;0;1,91456044294669;0;0;0;0;0;0;0;0;0;0;0;0;0;0;0;0;0;0;0;0;0;0;0;0;0;0;0;0;0;0;0,45796224541095;0;0;0;0;0;0;0;0;0;0;0,368143838434563;0;0;0;0;1,88725115998853;0;0;0;0;0;0;0;0;0;0;0;0,461701785745813;0;0;0;0;0,519204068918804;0;0;0;0;0,425322094625408;0;0;0;0;0;0;0,579994807455269;0;0;0;0;0;0;0;0;0;0;0;0;0;0;0
"w45";0;0;0;0;0;0;0;0;0;0;0;0,281297122200158;0;0;0;0;0;0;0;0;0;0,435697567751288;0;0;0,601303770054873;0;0,139363964329419;0,266836804497523;0;0;0;0,263594805143842;0,599647681731476;0;0;0;0;0,927957563890458;0;0;0,953645340326234;0;0;0,198427148516752;0,566336506982642;0,28561744471246;0;0;0,424109482220355;0,488932024371464;0,38674134128025;0;0;0;0;1,15540488620829;0;0;0;0;0,629796376580673;0;0;0,382700095955257;0;0;0;0;0;0,532940989895292;0;0;0;0,64717427357972;0;0,184299074864823;0,331153834212694;0;0;0;0;0;0,918161983659088;0,4736958660281;1,20749021673503;0;0;0;0,263053448583919;0;0;0,771137477837914;0,789765846307832;0;0;0;0;0;0;0,967432298636695;0;0,758020065806541;0;0;0;1,5731024259628;0;0;0;0,172343031195874;1,31667919700947;0;0;0;0;0,215608324126014;0;0;0;1,60056458835385;0;0,176484880896751;0;0;0;0,868746809534602;0;0;0,567250010801239;0;0,71892757241373;0;0;0;0,488438166106154;0;0;0;0,326808514013142;0,251538481990335;0;0;0;0;0,328403991319429;0,340218005420078;0;0;0,485841401203443;0;0;0;0;0;0;0;0,327171346081028;0;0;0;0,802475969940514;0;0;0;0;0;0;0;0;1,87139351857352;0;0;1,24738761973795;0;0;0;0,202544759732833;0;0;0,533177201348158;0;0;0;0;0,298019441248624;0;0,133129026484785;0;0;0;0;0;0,906807629011763;0;0;0;0;1,19854539162711;0;0;0;0;0;0,634182587823768;0;0;0;0,218362481807268;0;0;0;0;0;1,33477477308337;0;0;0;0;0,456057810218627;0;0;0;0;0;0;0;1,57393694192315;1,27588527583473;0;0;0;0;0;0;0;0;0;0,385167882329375;0;0;0,285163551892968;0;0;0;0;0,299139305667968;0,240522537692748;0;0,245101018343858;0;0;0;0,489117158359631;0;0;0;0,72323349902164;0;0;0;0;0;0;0,776151420574003;0;0;0;0;0;0,618637519884406;0,28091725457186;0;0;0;0;0;2,1828786238974;0;0;0;0;0;0;0;0;0;0;0;0;0,668802676534815;0;0;0;0;0;0,858606490446142;0;0;1,28034250065441;0;0;0;0;0,391310835430046;0;0;0;0;0;0;0;0;0;0;1,11078309210514;0;0;0;0;0;0;1,62859670776432;0;0;0;0;0;0;0;0;0;0;0;0;0;0;0;0;0;0;0;0;0;0;0;0;0,316448736001485;0;0;0;0;0;0,438103059150124;0;0;0;0;0,428642855554897;0;0;0;0;0;0,30368054487568;0,175472135409321;0;0;1,36104771704301;0;0;0;0;0;0;0;0;0;0;0,413051583008658;0;0;0;0;0,439854773033305;0;0;0;0;0,446831103861351;0;0;0;0;0;0,232100418273672;0,293677460565779;0;0;0;0;0;0;0;0;0;0;0;0;0;0
"w48";0;0;0;0;0;0;0;0;0;0;0;0,0665637956473249;0;0;0;0;0;0;0;0;0;0,140100754793324;0;0;0,434549679331748;0;0;0;0;0;0;0,0955463339146034;0,142173673893711;0;0;0;0;0,473210673881896;0;0;0,721105900227374;0;0;0;0,17443486480586;0,0725019011058261;0,0553339052590994;0,0485349351710765;0,330375581434092;0;0,341464785963322;0;0;0;0;0;0;0;0;0,244753075338196;0;0,0919237584343861;0;0,241320902557123;0;0;0;0;0,459484376068621;0;0;0;0,580515773850504;0;0;0;0;0;0;0;0;0,925604013952832;1,11140212797187;0;0;0;0;0;0;0,812902080372268;0;0,994886215596252;0;0;0;0;0;0;0,680239332123762;0;0,583183942202738;0;0;0;0;0;0;0;0,291606178445745;0;0,476427726028256;0;0;0;0,208275483911321;0;0;0;0;0;0;0;0;0;0;0;0;0;0;0,255903983671709;0;0;0,165371267376365;0;0;0,187713200428211;0;0,140100754793324;0;0;0;0;0,461241859002655;0;0;0;0,456464343421943;0;0;0;0;0;0;0,558910196592484;0;0;0;0,559365107017095;0;0;0;0;0;0;0;0;0;2,24290192791068;0;1,23964178187287;0;0;0;0;0;0;0;0;0,860628869363664;0;0;0,553892475828339;0;0;0;0;0;0;0;0,967746577154198;0;0;0;0;1,21928033255516;0;0;0;0;0;0,518992796515433;0;0;0;0;0;0,26632243628234;0;0;0;0;0;0;0;0;0;0,0951846663337975;0;0;0,152474300254425;0;0;2,26561644622713;0;0;0;0;0;0;0;0;0;0;0;0;0,490899510148907;0;0,488461358716904;0;0;0;0;0;0,326077543602419;0;0;0;0,198862794364435;0;0;0,337782030956083;0;0;0;0;0,676807737527421;0;0;0;0;0,720138215028858;0;0;0;0;0;0;0,71001838484982;0;0;0;0;2,90238988349119;0;0;0;0;0;0;0;0,201793466576026;0;0;0;0;0,891444017646386;0;0;0;0;0;0;0;1,12000660816714;0;0;0;0;0;0;0;0,33493988458806;0;0;0;0;0,252200812923802;0;0;0;0;0;1,47809018401184;0;0;0;0;0;0;2,068274756517;0;0;0;0;0;0;0;0;0;0,335793376988312;0;0;0;0;0;0;0;0;0,168737741181617;0;0,113464941823533;0,0732416911131924;0;0;0,397547003448797;0;0;0;0;0;0,559819810592306;0;0;0;0;0,584293581306647;0;0;0;0;0;0,485037928865803;0;0;0;2,16520905151051;0;0;0;0;0;0;0,296350484551135;0;0;0;0;0,775137791994797;0;0;0;0;0,813784074865823;0;0;0;0,0977135968246274;0,773854087708643;0;0;0;0;0;0,805284642560552;0;0;0;0;0;0;0,147337249878361;0;0,140100754793324;0,12827234941283;0,149395237824613;0;0;0;0;0
"w49";0;0;0,321522572601425;0;0;0;0;0;0;0;0;0;0;0;0;0;0;0;0;0;0;0,311244305161037;0;0;0,450460837340728;0;0;0;0;0;0;0;0,245874472829482;0;0;0;0;0,795717723265622;0;0;0,500537432065071;0;0;0;0,130102495479736;0,125332892312957;0;0;0;0,414189363020679;0,166798904196951;0;0;0;0;1,17809934280395;0;0;0;0;0,28035216753797;0,219750360856356;0;0,129529048358783;0;0;0;0;0,298682111940192;0;0;0;0;0,580055091835721;0;0;0,12331477470408;0;0;0;0;0;0;1,47925179372543;0;1,2107481854435;0;0;0,270686137753457;0;0;0;0,914719836755322;0;0;0;0;0;0,579104187673719;0;0;0,58250133952772;0;0;0;1,1099136535601;0;0;0;0;1,04717029674128;0;0;0;0;0;0;0;0;1,89975828689688;0;0,242345039347614;0;0;0;1,19191375757634;0;0;0;0;0,308562234145122;0;0;0,174012234374252;0;0;0;0,462826637450441;0;0;0;0;0;0;0,271532544806263;0;0;0,260724549838662;0;0;0;0;0;0;0;0;0,395723869531522;0,230385764054089;0,425900756416413;0;0;0;0;0;0;0;0;0;0;0;0;2,57719053907904;0;0;0;0;0,135476885216872;0;0;0;0,247965787497913;0;0;0;0;0,762039059270406;0;0;0;0;0;0,924895882759519;0;0;0;0;0;1,21195372172253;0;0;0;0;0,12452613393942;0,1936250736837;0;0;0;0;0;0;0;0;0;1,41860616153498;0;0;0;0;0;0;0;0;0;0;0;0;0;0;2,27832649174795;0;0;0;0;0;0;0;0;0;0;0;0,423466823646764;0,477798625895211;0;0;0;0,116596888035771;0;0;0,40321211387709;0;0;0,185685051738699;0;0;0;0;0,876595507840358;0;0;0;0;0;0,282077249167813;0,248169584231757;0;0;0;0;0;0,858331111617076;0;0;0;0;0;0;0;2,47427602046231;0;0;0;0;0;0;0;0;0;0;0;0;0,601143228491553;0;0;0;0;0,799129752201327;0;0;0;1,20065822960228;0;0;0;0,228880747915445;0;0;0;0;0;0;0;0;0;0;0,843666538852793;0,71547463841084;0;0;0;0;0;0;0;1,81762657328351;0;0;0;0;0;0;0;0;0;0;0;0;0;0;0;0;0;0;0,349393052973969;0,210482941938022;0;0;0,156690178006487;0;0;0;0;0;0,502909499721688;0;0;0;0;0,283602697379417;0;0;0;0;0,419697501430472;0;0;0;0;0;0;1,61969371968771;0;0;0;0;0,174944512655531;0;0;0;0,422226229542604;0;0;0;0;0;0,49665091337579;0;0;0;0,442396917718495;0;0;0;0;0;0;0,44620717987659;0;0;0;0;0;0;0;0;0;0;0;0;0;0
"w5";0;0;0;0;0,0897883793041851;0;0,132191949411327;0;0;0;0;0;0;0;0;0;0;0;0;0;0;0;0,157691559269908;0;0;0,4580654918764;0;0;0;0;0;0;0;0,299195157606631;0;0;0;0;0,498700184600461;0;0;0,618101672559812;0;0;0;0;0,107263180360682;0,144665515202754;0;0;0;0,329967620909201;0;0,819302169716334;0;0;1,18438509826938;0;0;0;0;0;0;0,0973150025069008;0,0263719043244655;0,0905435959991526;0;0;0;0;0;0,255354762526647;0;0;0,430147843255099;0;0;0;0,192605413688188;0;0;0;0;0;0;0;1,37572802651039;0;0;0;0;0;1,18850643265102;0;0;0;0;0;0;0;0;0;0;0,472081089760824;0,176109703015609;0;0,945844692934591;0;0;0;0;0;0,804131586116096;0;0;0;0;0;0;0;1,34160292313011;0;0;0;0;0;1,22760165393582;0;0;0;0;0;0,304897971710636;0;0;0;0;0;0;0;0,182327525768602;0,140604712320783;0;0;0;0;0,19328686484202;0,102798743288854;0;0,341977128615597;0;0;0;0;0;0;0;0;0,21884380887483;0,122246132327067;0;0,415345781621;0;0;0;0;0;0;0;0;1,47554052080555;1,17965410904246;0;1,56801275301953;0;0;0;0;0;0;0;0;0,929231348623949;0;0;0;0,331748611095739;0;0;0;0;0;0;0,831251084237207;0;0;0;0;0,979404289165763;0;0;0;0;0;0,41951973607269;0;0;0;0;0;0,219507618235462;0;0;0;0;1,17787420168711;0;0;0;0;0,133880173487461;0;0;0;0;0;0;2,15246631777908;0;0;0;0;0;0;0;0;0;0;0;0;0;0,50487163314061;0,325998471822819;0;0;0;0;0,193967851936392;0;0;0,194648375602912;0;0;0,173102091497036;0;0;0;0,641725846712285;0;0;0;0;0;0;0;0,492995346707808;0;0;0;0;0,640855381959743;0;0;0;0;0;0;2,83993346015327;0;0;0;0;0;0;0,207043263599763;0;0;0;0;0;0;0,872615855312449;0;0;0;0;0,871233505166566;0;0;0;1,43393046661482;0;0;0;0;0,234436971436242;0;0;0;0;0,15321081070581;0;0;0;0;0;1,31777035556464;0;0;0;0;0;0;0;2,03266400629718;0;0;0;0;0;0;0;0;0;0;0,354230825257096;0;0;0;0;0;0;0;0;0,306724133809089;0;0;0;0,285622717225097;0;0;0;0;0;0,555450739598352;0;0;0;0;0;0;0;0;0;0;0;0;0;0;0;0;2,15585378236211;0;0;0;0;0;0;0;0;0,650245298648637;0;0;0;0;0,762214248462105;0;0;0;0;0;0;0,677757467294634;0;0;0;0;0;0,908013297824159;0;0;0;0;0;0;0;0;0;0;0
"w50";0;0;0;0;0;0;0;0;0;0;0;0;0;0;0;0;0;0;0,465369704685804;0;0,26751264414728;0;0;0;0,865723957506075;0;0;0;0;0;0;0;0,747470021819635;0;0,315212319120496;0;0;0,846266370089945;0;0;0,88423711243932;0;0;0;0,450444709673218;0;0;0;0,826422659517065;0;0,587447360319023;0;0;0;0;0;0;0;0;0;0;0;0;0;0;0;0;0;0,732238443615725;0;0;0;0,885955276717561;0;0;0;0;0;0,468849330657647;0;0;0;2,22694078918629;0;0;0;0;0;0;0,531130192525115;0;1,0770552956709;0;0;0;0;0;0,941600906771232;0;0;0,771496371538654;0;0;0;0;0;0;0;0;0;0;0;0;0;0;0;0;0;0;0;0;0;0;0;0;0;0;0;0;0,418083789595368;0;0;0,318245535135965;0;0;0,567977098438154;0;0;0;0;0;0;0;0;0;0;0,728226536258767;0;0;0;0;0;0;0,630471240351065;0;0;0,867474198610965;0;0;0;0;0;0;0;0;0;0;2,59195368917221;0;2,04217783261351;0;0;0;0;1,32783911962833;0;0;0,418083789595368;0;0;0,969883787664949;0;0;0;0;0;0;0;0;1,11690212744095;0;0;0;0;1,36608952957245;0;0;0;0;0;0;0;0;0;0;0;0;0;0;0;0;0;0;0;0;0;0;0;0;0;0;2,24032279409019;0;0;0;0;0;0;0;0;0;0;0;0;0;0;0;0,781074683010119;0;0;0,438879258931734;0;0;0;0;0;0,393106773129019;0;0;0;0;0;0;0;1,04925642430816;0;0;0;0;0;0,64513909893748;0;0;0;0;0;0;1,03308792333903;0;0;0;0;0;0;0;0;0;0;0;0,865139862398788;0;0;0;0;0;0,4298908383427;0,138454719102179;0,625286235586436;0;0;0;0;0;0,970409812768475;0;0;0;0;0;0;0;0;0;0;0;0;0;0;0;0;0;1,3967694558242;0;0;0;0;0;2,33010521354193;0;0;0;0;0;0;0;0;0;0,547317669132368;0;0;0;0;0;0;0;0;0;0;0;0;0;0;0;0;0;0;0;0;0;0,804936918483279;0;0;0;0;0;0;0;0;0;0,328290318503202;0,456617296618652;0;0;0;0;0;0;0;0;0;0;0;0;0;0;0;0;0,708605460937698;0;0;0;0;0,797462809385303;0;0;0;0;0,669591074077199;0;0;0;0;0;1,07468904672602;0;0;0;0;0;0;0;0;0;0;0;0;0;0;0;0
"w53";0;0;0;0;0;0;0;0;0;0;0;0,18764210358676;0;0;0;0;0;0;0;0;0;0,342913825592514;0;0;0,965391548989522;0;0;0;0;0;0;0;0,417728395363234;0;0;0;0;0,993068394034858;0;0;1,02623635856258;0;0;0;0,265343716599834;0;0;0;0;0,497390131663919;0,238935101460087;0;0;0;0;0;0;0;0;0,326274591779906;0;0;0;0,44422912563985;0;0;0;0;0,5088533848511;0;0;0;0,75831329489827;0;0;0;0,285979688435077;0;0;0;0;0;0;0;2,22917491726459;0;0;0;0;0;0;0;1,36933335279672;0;0;0;0;0,449719848696722;0,548280692812408;0;0;0,896598332019191;0;0;0;1,67190042627846;0;0;0;0;0;0;0;0;0;0;0;0;1,43396271464926;1,27965598607819;0;0;0;0;1,5139790551401;0;0;0;0;0,266988444795558;0;0;0,231442354128905;0;0;0;0,233143748548154;0;0,317589638284109;0;0;0;0;0,39942296708986;0;0;0,440782050858417;0;0;0;0;0;0;0,312499266868756;0,284365925921127;0;0;0,522098555008267;0;0;0;0;0;0;0;0;0;0;0;2,47525497248856;1,19428055314811;0;0;0;0;0,320319912461347;0;0;0;0;0;0;1,10674221199778;0;0;0;0;0;0;0;1,0328163635728;0;0;0;0;1,29647716588681;0;0;0;0;0;0,369591960204029;0;0;0;0;0;0;0;0;0;1,30062644005532;0;0;0;0;0;0;0;0;0;0;0;2,09845814922443;0;0;0;0;0;0;0;0;0;0;0;0;0;0;0,711310550225897;0;0;0;0;0;0;0;0;0,56122115092672;0;0;0;0;0;0;0;0,65847710941615;0;0;0;0;0,552612811677865;0;0;0;0;0;0;0;0,740987756345116;0;0;0;0;2,35348729242721;0;0;0;0;0;0;0;0;0;0;0;0,313153328483746;0;0;0,348988225063186;0;0;0;0;0;0,761826167320154;0;0;1,16709532579565;0;0;0;0;0;0;0;0;0;0;0;0;0;0;1,02610816198064;0;0;0;0;0;1,01125484364534;1,00806173075172;0;0;0;0;0;0;0;0;0;0;0;0;0;0;0;0;0;0;0;0;0;0;0;0;0;0;0;0;0;0;0;0;0;0;0;0;0;0;0;0;0;0;0;0;0;1,41680582942991;0;0;0;0;0;0;0;0;0;0;0;0,333091741766651;0;0;0;0;0,391111208399279;0;0;0;0;0;0,317849985797438;0;0;0;0;0;0;0;0;0;0;0;0;0;0;0;0;0;0;0;0;0
"w54";0;0;0;0;0;0;0;0;0;0;0;0;0;0;0;0;0;0;0;0;0;0,255310541510949;0;0;0,414524392218055;0;0;0;0;0;0;0;0,157996933083399;0;0;0;0;0,541466159226076;0;0;0,665543257104201;0;0;0;0,115094820105264;0,0778309217048014;0,0667716439687897;0;0,423841369485123;0;0,250504882842051;0;0;0;0;0;0;0;0;0,221828105590682;0;0,124341623626155;0;0,216333845030728;0;0,0303157528372714;0;0;0,409995281755944;0;0;0;0,598290942748067;0;0;0;0;0;0;0;0;1,40656354441478;0;0;0;0;0;0;0;0;0,945908540331512;0,79800303822036;0;0;0;0;0;0;0,533856033041937;0;0,480612652459818;0;0,0927847844363541;0;0;0;0;0;0,269590485945766;0;0;0;0;0;0;0,0589720797418683;0,212259106156411;0;0;0;0;0;0;0;1,21178345568132;0;0;0;0;0,158553001471895;0;0;0;0,124916719683044;0;0;0;0;0,365800717775178;0;0;0;0,515643682510702;0;0;0;0;0,455628840743947;0;0;0;0;0;0,521461395576942;0;0;0;0;0,555767762745224;0;0;0;0;0;0;0;0;0;1,90290807291445;0;1,24641938966796;0;0;0;0;0;0;0;0,93394786242149;0;0;0;0,331674614751288;0;0;0;0;0;0;0;0,764981880282786;0;0;0;0;0,834998022272472;0;0;0;0;0;0,452319072674475;0;0;0;0;0,22910714196233;0;0;0;0;1,15877505663334;0;0;0;0;0;0;0;0,143288437193737;0;0;0;0;2,18181822455949;0;0;0;0;0;0;0;0;0;0;0,252910598968128;0;0,224173579122269;0;0,254048131858053;0;0;0;0;0,228329774710459;0;0;0,248093365286499;0;0;0;0,234918213783361;0;0;0;0,691487921499532;0;0;0;0;0;0,644223301935496;0;0;0;0;0;0;0,802246731738578;0;0;0;0;0;0;2,74726824172842;0;0;0;0;0;0,195792057833086;0;0;0;0;0;0;0,926431377572562;0;0;0;0;0;1,05184211422657;0;0;0;1,5256208851374;0;0;0;0,344680873791452;0;0;0;0;0,214627104568685;0;0;0;0;0;1,49465037276793;0;0;0;0;0;0;0;2,15998972961671;0;0;0;0;0;0;0;0;0;0,308378863241423;0;0,0632617225585257;0,02841802700775;0,0978185806500736;0;0;0;0,150179332794924;0;0;0,326518369440515;0;0;0,431486861504218;0;0;0;0;0;0,687237590604986;0;0;0;0;0,545815899804891;0;0;0;0;0;0,678434470618784;0;0;0;0;2,11292163946805;0;0;0;0;0;0,25883683364561;0;0;0;0;0,737398396612521;0;0;0;0;0,819833120868996;0;0;0,165891864019301;0;0,821982987402095;0;0;0;0;0;0;1,03763420491641;0;0;0;0,123334409007187;0;0,227811193950629;0,21712058999287;0,215021226378445;0,221436657933978;0;0;0;0;0
"w55";0;0;0,0493624479178338;0;0;0;0;0;0;0;0;0;0;0;0;0;0;0;0;0;0;0,174927284284224;0;0;0,16226058079025;0;0;0;0;0;0;0;0;0;0;0;0;0,143495856545493;0;0;0,282396140540329;0;0;0;0,0521334813262613;0;0;0;0,13825055487981;0;0,320443044255204;0;0;0;0,237110982563406;0;0;0;0;0;0,0719001809152626;0;0;0,101871290957574;0;0;0;0;0,158357977593626;0;0;0;0,254697374875812;0;0;0;0;0;0;0;0;0;0;0,888041543636371;0;0;0;0;0;0,384260828022803;0;0,51748606667537;0;0;0;0;0;0,303062623913282;0;0;0,158891048431816;0,0269133313910475;0,0471798077642307;0;0;0;0;0;0,0497587802635425;0;0;0;0;0;0;0;0;0;0;0;0;0;0;0;0,946934576652901;0;0;0;0;0,169317436938115;0;0;0,074609543608539;0;0;0;0;0,13933804934561;0;0;0;0;0,145658303980233;0;0,021221414583249;0;0,261293524452821;0;0;0;0;0;0;0,163499130995732;0;0;0;0,336932032451417;0;0;0;0;0;0;0;0;0;0;1,76194617508323;0;1,43015089284189;0;0;0;0;0;0;0;0,554282379919116;0;0,127126705956452;0;0,271662477592416;0;0;0;0;0;0;0;0,721653519664011;0;0;0;0;0,825826659996836;0;0;0;0;0,283808177920936;0;0;0;0;0;0,144217192057279;0;0;0;0;1,03731775053578;0;0;0;0;0;0;0;0;0;0;0;0;2,233460206769;0;0;0;0;0;0;0;0;0;0;0,144757852433016;0;0,19466042800905;0;0,279566070116598;0;0;0;0;0,219878518461271;0;0;0,192773236840982;0;0;0;0,165089301956121;0;0;0;0,598509061103768;0;0;0;0;0;0,582006979336484;0;0;0;0;0;0,624046392973306;0;0;0;0;0;0;0;3,09924657288711;0;0;0;0;0;0,125107530452105;0;0;0;0;0;0,921076576034011;0;0;0;0;0;0;1,05538202371537;0;0;0;1,62078127091929;0;0;0;0,250491793702289;0;0;0;0;0,203703669971369;0;0;0;0;0;1,52419077197819;0;0;0;0;0;0;0;2,27889206498762;0;0;0;0;0;0;0;0;0,230518207743403;0;0;0,0392025324833135;0,073062235325585;0;0;0;0;0,11773051281906;0;0;0,315594748248742;0;0,426736127972687;0;0;0;0;0;0;0,631825705332189;0;0;0;0,541035988792421;0;0;0;0;0;0;0,578276619123035;0;0;0;0;0;2,5115839705715;0;0;0;0;0,367819602579153;0;0;0;0;0,958340075436509;0;0;0;0;0,967719911095708;0;0;0,109925624157687;0;0,956821505030303;0;0;0;0;0;1,16158821861908;0;0;0;0;0;0;0,229194420924632;0,209462230124641;0,208955453668088;0,265932961196969;0;0;0;0;0
"w56";0;0;0,516947444697669;0;0;0,264669249352258;0;0;0;0;0;0;0;0;0;0;0;0;0;0;0;0,3141186745257;0;0;0,506807878634722;0;0;0;0;0;0;0;0,367823244454829;0;0;0;0;0,815485536437674;0;0;0,623049659701821;0;0;0,23861439370787;0,350366762930576;0;0;0;0;0,558790525401138;0,309226964645159;0;0;0;0;1,05792511033373;0;0;0;0;0,543076921624285;0;0,253024314213889;0,160892754669965;0;0;0;0;0;0,475288501914364;0;0;0;0,679011363940383;0;0;0,301605176222376;0;0;0;0;0;1,480163489347;0;0,827333157168837;0;0;0;0,393813017708848;0;0;0,512955559652759;0,777889186852853;0;0;0;0;0;0,935762800260002;0;0;0,686361123697573;0;0;0;1,66918419420072;0;0;0;0;1,28739668150932;0;0;0;0;0,194272697216338;0;0;0;1,67452925292905;0;0,366405019431472;0;0;0;1,03292525713438;0;0,24487576815654;0;0;0,353776624361657;0;0;0;0,275362312721079;0;0,177451337367614;0,316241478712747;0;0;0;0;0;0,618067472265812;0;0;0;0,357325664825441;0;0;0;0;0;0;0;0,577048311205007;0;0;0,740212691183359;0;0;0;0;0;0,137972635399047;0,175464258143795;0;0;0;2,29985771798445;0;0;0;0;0;0,227947880767057;0;0;0;0,411747772554121;0;0;0;0;0,391703163400945;0,392576746522967;0;0;0;0;0;0,972611103033111;0;0;0;0;1,14972107585348;0;0;0;0;0;0,572864465999098;0;0;0;0,264503844312154;0;0;0;0;0;1,3309526190081;0;0;0;0;0;0,760009745170833;0;0;0;0;0;0;2,09146805282451;0;0;0;0;0;0;0;0;0;0;0;0,18536040324205;0;0,343206207849578;0,0651745298118787;0,0854609646309746;0,200376193996333;0;0;0,392940514376157;0;0;0,25051123020162;0;0;0,377029956389147;0;0;0;0;0,755413552317053;0;0;0;0;0;0,718703726041371;0;0;0;0;0;0,779274192315011;0;0;0;0;0;0;2,24033762187065;0;0;0;0;0;0;0;0;0;0;0;0;0,713438208674041;0;0;0;0;0;0;0,883351021320845;0;0;1,2631051077869;0;0;0;0,381160203518325;0;0;0;0;0;0;0;0;0;0;1,1333081034954;0;0;0;0;0;0;1,68629255232601;0;0;0;0;0;0;0;0;0;0;0;0;0;0;0;0;0;0;0;0;0;0;0;0;0;0,286913232501173;0;0;0;0;0,499772720221148;0;0;0;0;0,445714687029591;0;0;0;0;0;0,377694897680863;0;0;0;0;1,45082283092216;0;0;0;0;0;0;0;0;0;0;0,453823844391318;0;0;0;0;0,496826733696367;0;0;0;0;0,452522566147174;0;0;0;0;0;0,510436346097465;0;0;0;0;0;0;0;0;0;0;0;0;0;0;0
"w58";0;0;0;0;0;1,04382672232549;0;0;0;0;0;0;0;0;0;0;0;0;0;0;0;0;0;0;0;0;0;0;0;0;0;0;0,927871064376586;0;0;0;0;0;0;0;0;0;0;0;0;0;0;0;0;0;0;0;0;0;0;0;0;0;0;0;0;0;0;0;0;0;0;0;0;0;0;0;0;0;0;0;1,49392402988872;0;0;0;0;0;0;0;0;0;0;0;0;0;0;0;0;0;0;0;0;0;0;0;0;0;0;0;0;0;0;0;0;0;0;0;0;0;0;0;0;0;0;0;0;0;0;0;0;0;0;0;0;0;0;0;0;0;0;0;0;0;0;0;0;0;0;0;0;0;0;0;0;0;0;0;0;0;0;0;0;0;0;0;0;0;0;0;1,12264402955817;0;0;2,72416842308298;0;0;0;0;0;0;1,07718313199307;0;0;0;0;0;0;0;0;0;0;0;0;0;0;0;0;0;0;0;1,15850022132351;0;0;0;0;0;0;0;0;0;0;0;0;0;0;0;0;0;0;0;0;0;0;0;0;0;0;2,68459913529622;0;0;0;0;0;0;0;0;0;0;0;0;0;0;0;0;0;0;0;0;0;0;0;0;0;0;0;0;0;0;0;0;0;1,06716668819405;0;0;0;0;0;0;0;0;0;0;0;0,689433337354643;0,720166422929091;0;0;0;3,31590852060904;0;0;0;0;0;0;0;0;0;0;0;0;0;0;0;0;0;0;0;0;1,22514022029175;0;0;0;0;0;0;0;0;0;0;0;0;0;0;0;0;0;0;0;0;0;0;0;1,80680681049527;1,98108556141553;0;0;0;0;0;0;0;0;0;0;0;0;0;0;0;0;0;0;0;0;0;0;0;0;0;0;0;0;0;0;0;0;0;0;0;0;0;0;0;0;0;0;0;0;0;0;2,60710586554815;0;0;0;0;0;0;0;0;0;0;0;0;0;0;0;0;0;0;0;0;0;0;0;0;0;0;0;1,18718056662978;0;0;0;0;0;0;0;0;0;0;0;0;0;0;0;0
"w59";0;0;0;0,247606393352125;0;0;0;0;0;0;0;0,248623661566297;0;0;0;0;0;0;0;0;0;0,591675821745026;0;0;1,02558600135845;0;0;0;0;0;0;0;0,659993874586427;0;0;0;0;1,13402611934725;0;0;1,12115008790175;0;0;0;0,353727414642935;0,215546565334585;0;0;0;0,593117757071736;0,364198476147998;0;0;0;0;0;0;0;0;0,356925882106604;0;0,220264667976909;0;0,256724766603524;0;0;0;0;0,523765883606418;0;0;0;0,809317350638801;0;0;0;0,366912120652615;0;0;0;0;0;0;2,50221788902859;0;0;0;0;0;0;0;1,43167035879267;0;0;0;0;0,866281481320513;0;0;0;0,971558387172917;0;0;0;0;0;0;0;0;0;0;0;0;0;0;0;0;0;0;0;0;0;0;0;0;0;0;0;0;0,404149640302345;0;0;0,236862128934104;0;0;0,338044798079762;0,372317417478011;0;0;0;0;0;0,519122002270675;0;0;0,433733157156131;0;0;0;0;0;0;0;0,53756951912692;0,148730156859126;0,672382909845859;0;0;0;0;0;0;0;0;0;0;0;2,97810943365186;0;0;0;0;0;0;0;0;0;0;0,664364290512278;0;1,03396584113334;0;0;0;0;0;0;0;0;1,15231405330656;0;0;0;0;1,53584578678011;0;0;0;0;0;0,477945187014012;0;0;0;0;0,205512418142148;0;0;0;0;1,46941616642274;0;0;0;0;0;0;0;0;0;0;2,33903968808432;0;0;0;0;0;0;0;0;0;0;0;0;0;0;0;0,835381749459111;0;0;0;0;0;0;0,221832435014338;0;0,323999952152644;0;0;0,351895115282358;0;0;0;0;0,746442153313172;0;0;0;0;0,615910360713946;0;0;0;0;0;0;0;0,684620333318926;0;0;0;0;2,03176728442874;0;0;0;0;0;0;0;0;0;0;0;0;0,559415550909997;0;0;0;0;0;0;0;0,868472032709188;0;0;0;0;0;0;0;0;0;0;0;0;0;0;0;0;0;1,15107771723661;0;0;0;0;0;1,7148629610639;0;0;0;0;0;0;0;0;0;0;0;0;0;0;0;0;0;0;0;0;0;0;0;0;0;0;0;0;0;0;0,206573398056534;0,221832435014338;0;0;0;0;0;0;0;0;0;0;0;0;0;0;0;0;0;0;0;0;0;0;0;0;0;0;0;0,390568129924238;0;0;0;0,450490634393347;0;0;0;0;0;0,382151876838983;0;0;0;0;0;0,416260253058136;0;0;0;0;0;0;0;0;0;0;0;0;0;0,276694976710845;0;0
"w6";0;0;1,30036366776777;0;0;0;0;0;0;0;0;0;0;0;0;0;0;0;0;0;0;0;0;0;0;0;0;0;0;0;0;0;0;0;0;0;0;0;0;0;0;0;0;0;0;0;0;0;0;0;0;0;1,21670221118404;0;0;0,838670681204808;0;0;0;0;0;0;0;0;0;0;0;0;0;0;0;0;0;0;0;0;0;0,989720393263156;0;0;0;0;1,21425265047164;0;0,482102847607682;0;0;0;1,15964980945403;0;0;0,557398950488739;0,485497226386556;0;0;0;0;0;0;0;0;0;0;0;0;2,31220525456498;0;0;0;0;1,53407071072762;0;0;0;0;0;0;0;0,82307741326819;0,677595026476705;0;1,10280674129726;0;0;0;0,952185102143388;0;0;0;0;0;0;0;0;0;0;0;0;0;0;0;0;0;0;0;0;0;0;0;0;0;0;0;0;0;0;0;0;0;0;0;0;0;0;0;0;0;0;1,61446914850211;0;0;1,34438453679868;0;0;0;0;0,812137847983476;0;0;0;0;0;0;0;0;0;0;0;0;0;0;0;0;0;0;0;0;0,688718457028238;0;0;0;0;0;0;0;0;0;0;0;0;0;0;0;1,0179705745012;0;0;0;0;0;0;0;0;0;0;1,95208189476841;0;0;0;0;0;0;0;0;0,653538737724294;0;0;0;0;0;0;0;0;0;0;0;0;0;0;0;0;0;0;0;0;0;0;0;0;0;0;0;0;0;0;0;0;0;0;0;0;0;0;0;0;2,87331464010353;0;0;0;0;0;0;0;0;0;0;0;0;0;0;0,914289887875984;0;0;0;0;0;0,933958139158664;0;0;1,44274318461614;0;0;0;0;0;0;0;0;0;0;0;0;0;0;0;1,34796694671719;0;0;0;0;0;0;2,01495257742118;0;0;0;0;0;0;0;0;0;0;0;0;0;0;0;0;0;0;0;0;0;0;0;0;0;0;0;0;0;0;0;0;0;0;0;0;0;0;0;0;0;0;0;0;0;2,20978573107962;0;0;0;0;0;0;0;0;0;0;0;0,699719516807461;0;0;0;0;0,769695662238187;0;0;0;0;0;0,789893013833072;0;0;0;0;0;0;1,00998020028998;0;0;0;0;0;0;0;0,568375836983981;0,927444943241506;0;0,615589612317436;0,2496549970053
"w63";0;0;0;0;0;0;0;0;0;0;0;0,453401167504382;0;0;0;0;0;0;0;0;0;0,511327679221352;0;0;1,61081423493933;0;0;0;0;0;0,392751367446982;0;0,662226153692238;0;0;0;0;1,36335745320486;0;0;1,60208706640303;0;0;0;0,418845422764474;0,24369195829594;0;0;0,710405932342596;0;0,537446700263772;0;0;0;0;0;0;0;0;0,420887506725766;0;0;0;0,690352691784926;0;0;0;0;0,775727215356545;0;0;0;1,11750075408569;0;0;0;0,369400500914799;0;0;0;0;0;0;2,85004618775417;0;0;0;0;0;0;0;1,79456269798132;0;0;0;0;0,972019475845346;0;0;0;1,11240544052324;0;0;0;0;0;0;0;0;0;0;0;0;0;0;0;0;0;0;0;0;0;0;0;0;0;0;0;0;0,315571416754879;0;0;0,26059665357826;0;0;0,349004737327441;0,396939013329126;0;0;0;0;0;0,567139668249281;0;0;0;0,650296223842971;0;0;0;0;0;0,520971742425428;0,484508116564833;0;0;0;0,552939825823648;0;0;0;0;0;0;0;0;0;3,04453427597269;0;1,41464295739421;0;0;0;0;0,532715082834754;0;0;0;0,594262520863257;0;0;0;1,32114325613181;0;0;0;0;0;0;1,21430716800713;0;0;0;0;0;1,64893157542391;0;0;0;0;0,47682162455868;0;0;0;0;0;0;0;0;0;0;0;0;0;0;0;0;0;0;0;0;0;0;0;0;0;0;0;0;0;0;0;0;0;0;0;0;0,965177373692069;0;0;0;0;0;0;0;0;0;0;0;0,572763624189856;0;0;0;0;0,726163929671356;0;0;0;0,307378305897937;0,206475684073747;0,284728642040731;0;0;0;0;0;0;0,757828250798057;0;0;0;0;0;0;0;0;0;0;0;0,460092841296799;0;0;0;0;0;0,641172608105088;0;0;0;0;0;0;0;0,968486302775602;0;0;0;0;0;0;0;0;0;0;0;0;0;0;0;0;0;0;0;0;0;0;0;1,65072230422746;0;0;0;0;0;0;0;0;0;0;0;0;0;0;0;0;0;0;0;0;0;0;0;0;0;0;0;0;0;0;0;0;0;0;0;0;0;0;0;0;0;0;0;0;0;0;0;0;0;0;0;0;0;0;0;0;0;0;0;0,391491646434534;0;0;0;0,438680275287093;0;0;0;0;0;0;0;0;0;0;0;0;0;0;0;0;0;0;0;0;0;0;0;0;0;0;0;0
"w64";0;0;0;0;0;0;0;0;0;0;0;0;0;0;0;0;0;0;0;0;0;0,0719051456447055;0;0;0,182606907600606;0;0;0;0;0;0;0;0;0;0;0;0;0,209787258133326;0;0;0,385210997648194;0;0;0;0;0;0;0;0,307424770631094;0;0,276387733309469;0;0;0;0;0;0;0;0;0,0842288746284113;0;0;0;0,187681752521922;0;0;0;0;0,265013255853429;0;0;0;0,320116245006186;0;0;0;0;0;0;0;0;0,994710727247238;0;0;0;0;0;0;0;0;0,502673779516456;0,745208298359561;0;0;0;0;0;0;0,333558145604993;0;0,289417303688828;0;0;0;0;0;0;0;0,166689060179529;0;0,200808977435031;0;0,123473674305535;0;0,0933007719906429;0;0;0;0;0;0;0;0;0;0;1,07117210803594;0;0;0;0,131572348714892;0;0;0;0,0850305123442302;0;0,0441399482780146;0;0;0,183993512299127;0;0;0;0,36554045820389;0;0;0;0;0,372450119204408;0;0;0;0;0;0,159750159763607;0;0,161911094830395;0;0;0,385103078602483;0;0;0;0;0;0;0;0;0;0;1,7845019122421;0;0;1,50760610570702;0;0;0;0;0;0;0,641496124424415;0;0;0;0,350571289033164;0;0;0;0;0;0;0;0,822791225971736;0;0;0;0;0,802700415521662;0;0;0;0;0,350682999595681;0;0;0;0;0;0,143804781886399;0;0;0;0;1,17386228869869;0;0;0;0;0;0;0;0;0;0;0;0;0;0;2,34470675232313;0;0;0;0;0;0;0;0;0;0,350571289033164;0;0;0,285728889265633;0,261783103683959;0;0;0;0,466127379156045;0;0;0,214982271583893;0;0;0;0,23330069271121;0;0;0;0,661014256244204;0;0;0;0;0;0,804263004068133;0;0;0;0;0;0;0,798462051038522;0;0;0;0,0290772462117702;0;0;0;2,11192322134196;2,91140910533836;0;0;0;0;0,113328033814199;0;0;0;0;0;0;0;1,27738348734282;0;0;0;0;1,3673542421672;0;0;0;1,88165825113148;0;0;0;0,250302069340122;0,118413720757305;0;0;0;0,283998982147779;0;0;0;0;0;0;1,88246743079914;0;0;0;0,0376686213609565;0,0326915476921782;0;0;0;0;0;0;0;0;0;0;0;0,421088267980876;0;0;0;0,215366015922777;0;0;0;0,280110698853008;0;0;0,405824327582833;0;0;0,658677319002377;0;0;0;0;0;0;0,879763046495398;0;0;0;0,4992134703361;0;0;0;0;0;0,803055763747114;0;0;0;0;0;0;0;0;0;0;0;0,4652312508183;0;0;0;1,10714624071988;0;0;0;0;1,1863388714483;0;0;0;0;0;1,17145634102034;0;0;0;0;0;0;1,42813170163711;0;0;0;0;0;0;0;0;0;0;0
"w65";0;0;0,272721913665291;0;0;0;0;0;0;0;0;0;0;0;0;0;0;0;0;0;0;0,140476287586033;0;0;0,212876765700608;0;0;0;0;0;0;0;0,150244684716512;0;0;0;0;0,391649489470458;0;0;0,402044468788647;0;0;0;0;0;0;0;0,349233672192758;0;0,154499148528826;0;0;0;0,103104763194689;0;0;0;0;0;0;0,128696547756298;0;0,201924265292877;0;0;0;0;0,316703272567108;0;0;0;0,53388919885536;0;0;0;0,127476012626861;0;0;0;0;1,65742811149384;0;0;0;0;0;0;0;0;0;0,982946393365085;0;0;0;0;0;0,450186112893892;0;0;0,441939627036859;0;0;0;0;0;0;0;0;0;0;0;0;0;0;0;0;0;0;0;0;0;0;0;1,38271710095203;0;0;0;0;0,264693015131509;0;0;0,139787189605214;0;0;0,453339818143865;0;0;0;0;0;0;0;0,351188518668705;0;0;0,352164510737468;0;0;0;0;0;0;0;0;0,553337027560736;0;0,507873010278749;0;0;0;0;0;0;0;0;0;0;0;2,84341980680469;0;0;0;0;0;0,160087467597401;0;0;0,294954368621796;0;0;0;0;0,959459492650502;0;0;0;0;0;0;1,05379810496822;0;0;0;0;1,35047855758264;0;0;0;0;0;0,418220114309901;0;0;0;0,189375597402239;0;0;0;0;0;1,46935261215128;0;0;0;0;0;0;0;0;0;0;0;0;2,54181150561167;0;0;0;0;0;0;0;0;0;0;0;0;0;0;0,682718792894948;0,368612272680494;0;0;0;0;0,183454225557972;0;0,526307387257735;0;0;0,290962164372055;0;0;0;0;0,951608357856444;0;0;0;0;0;0,565795157201615;0;0;0;0;0;0;0,95091939900673;0;0;0;0;0;2,72569546368248;0;0;0;0;0;0;0;0;0;0;0;0;0,252450506429342;0,38465898284125;0;0;0;0;0;0,84273591975527;0;0;1,2425624296007;0;0;0;0,297459826669819;0;0;0;0;0;0;0;0;0;0;1,25670622191187;0;0;0;0;0;0;1,96500369140727;0;0;0;0;0;0;0;0;0;0;0;0;0;0;0;0,0828790340449737;0,10880919370238;0;0;0;0;0,479200037962663;0;0;0,1626173254701;0;0;0;0;0,53956695700832;0;0;0;0;0;0,304646515644144;0;0;0;0;0,457236650177881;0;0;0;0;0;1,6720550049666;0;0;0;0;0;0;0,186090276042431;0;0;0;0,415476875648368;0;0;0;0;0,496116199646964;0;0;0;0;0,217670876220419;0,250909600472562;0;0;0;0;0,4253693247492;0;0;0;0;0;0;0;0;0;0;0;0;0;0;0;0
"w66";0;0,534561470888638;0;0;0;0,96557203132846;0;0;0;0;0;0;0;0;0;0;0;0;0;0;0;0;0;0;0;0;0;0;0;0;0;0;0;0;0;0;0;0,874381686068365;0;0;0;0;0;0;0;0;0;0;0;0;0;0;0;0;0;0;0;0;0;0;0;0;0;0;0;0;0;0;0;0;0;0;0;0;0;0;1,32089270177298;0;0;0;0;0;1,38180037710934;0;0;0;0;0;0;0;0;0,943697882468626;0;0;0;0;0;0;0;0;0;0;0;0;0;0;0;0;0;0;0;0;0;0;0;0;0;0;0;0;0;0;0;0;0;0;0;0;0;0;0;0;0;0;0;0;0;0;0;0;0;0;0;0;0;0;0;0;0;0;0;0;0;0;0;0;0;0;0;0;0;0;0;0;0,921334534463848;0;0;2,78065702060245;0;1,26916613875824;0;0;0;0;0;1,02874838306911;0;0;0;0;0;0;0,925149549248391;0;0;0;0;0;0;0,866000728051987;0;0;0;0;1,19712330571285;0;0;0;0;0;0;0;0;0;0;0;0;0;0;0;1,53986348250858;0;0;0;0;0;0;0;0;0;0;0;2,73844569420983;0;0;0;0;0;0;0;0;0;0;0;0;0;0;0;0;0;0;0;0;0;0;0;0;0;0;0;0;0;0;0;0;1,01259792834711;0;0;0;0;0;0;0;0;0;0;0;1,05249528335938;0;0;0;0;3,12086540333221;0;0;0;0;0;0;0;0;0;0;0;0;0;0;0;0;0;0;0;0;1,04604901849568;0;0;0;0;0;0;0;0;0;0;0;0;0;0;0;0;0;0;0;0;0;0;0;2,31069715457469;0;0;0;0;0;0;0;0;0;0;0;0;0;0;0;0;0;0;0;0;0;0;0;0;0;0;0;0;0;0;0;0;0;0;0;0;0;0;0;0;0;0;0;0;0;0;0;2,24338401147406;0;0;0;0;0;0;0;0;0;0;0;0;0;0;0;0;0;0;0;0;0;0;0;0;0;0;0;0;0;0;0;0;0;0;0;0;0;0;0;0;0;0;0;0
"w7";0;0;0,718076022722781;0;0;0,331166130345202;0;0;0;0;0;0;0;0;0;0;0;0;0;0;0;0;0;0;0,398333152862517;0;0;0;0;0;0;0;0;0;0;0;0;0,347768293046174;0;0;0,535878385963046;0;0;0;0;0;0;0;0,555465798540918;0;0;0;0;0;0;0;0;0;0;0;0;0;0;0;0;0;0;0;0;0;0;0;0;0,471216626961918;0;0;0,38128311437115;0;0;0;0;0;0,836522691469369;0;0;0;0;0;0;0,684313443908511;0;0,727468472626243;0;0;0;0;0;0;0,480775752246633;0;0;0;0;0;0;0;0;0;0;0;0;0;0;0;0;0;0;0;0;0;0;0;0;0;1,22509928257664;0;0;0;0;0;0;0;0;0;0;0;0;0;0;0;0;0;0;0;0;0;0,868916762436477;0;0;0;0;0;0;0;0;0;0;0;0,612405323861699;0;0;0;0;0;0;0;0;1,82503273216915;0;0;1,74322658932988;0;0;0;0;0,313943102482512;0;0;0,779693646315198;0;0;0,403485429305164;0;0;0;0;0;0;0;0;0,836017587381935;0;0;0;0;0,822692126623424;0;0;0;0;0;0;0;0;0;0;0;0;0;0;0;0;1,16374875546871;0;0;0;0;0;0;0;0;0;0;1,66965639396909;1,64597897372566;0;0;0;0;0;0;0;0;0;0;0,217464726615616;0;0;0,457884951838477;0;0;0;0;0;0;0;0;0;0;0;0;0;0;0;0;0,606829654752779;0;0;0;0;0;0,614677349275952;0;0;0;0;0;0;0,699485673866849;0;0;0;0;0;3,01692437341397;0;0;0;0;0;0;0;0;0;0;0;1,04359158567602;0;0;0;0;0;0;0;1,02911889478691;0;0;1,09574066901682;1,05931370702255;0;0;0;0;0;0;0;0;0;0;0;0;0;0;1,46023017683899;0;0;0;0;0;1,56384920638168;0;1,68300071108781;0;0;0;0;0;0;0;0;0;0;0;0;0;0;0;0;0;0;0;0;0;0;0,683842935927661;0;0;0;0;0;0;0,627704483006735;0;0;0;0,524491163266469;0;0;0;0;0;0;0,558137650186175;0;0;0;0;2,3870812352336;0;0;0;0;0;0;0;0;0;0,809912992656281;0;0;0;0;0;0,93264555319385;0;0;0;0;0,829834686158343;0;0;0;0;0;1,12862740124072;0;0;0;0;0;0;0;0;0;0;0;0;0;0;0
"w71";0;0;0,483115243493488;0;0;0;0;0;0;0;0;0;0;0;0;0;0;0;0;0;0;0;0;0;0,246870502796915;0;0;0;0;0;0;0;0;0;0;0;0;0,32772481343076;0;0;0,407672752449536;0;0;0;0;0;0;0;0,25044762605453;0;0,232597904593072;0;0;0;0;0;0;0;0;0;0;0;0;0;0;0;0;0;0;0;0;0;0,331922594774125;0;0;0;0,273392140227011;0;0;0;0;0;0,835890733130415;0;0;0;0;0;0;0,493860882376941;0;0,639152931065262;0;0;0;0;0;0,425269643230971;0;0;0,273074841074711;0;0;0;0;1,67270378388966;0;0;0;0;0;0;0;0;0;0;0;0;0,817372867925352;0;0;0;0;0;0;0;0;0;0;0;0;0;0;0;0;0;0;0;0;0;0;0;0,565774294918155;0;0;0;0,33505940706135;0;0;0;0;0;0;0,152654329509455;0,0454466207406406;0;0;0,422540458381475;0;0;0;0;0;0;0;0,29069034486102;0;0;1,95107351320032;0;1,5733151852714;0;0;0;0;0;0;0;0,603535673427529;0;0;0;0,429620905161469;0;0;0;0;0;0;0,83245032123366;0;0;0;0;0;0,910913722928835;0;0;0;0;0,313654351182288;0;0;0;0;0;0;0;0;0;0;0;0;0;0;0;0;0;0;0;0;0;0;0;2,27624565580222;0;0;0;0;0;0;0;0;0;0;0;0,236390972781765;0,188688247160359;0;0,17179977709389;0;0;0;0;0,231109735262419;0;0;0,240333677324055;0;0;0;0;0;0;0;0,688528717338707;0;0;0;0;0;0,59850605673429;0;0;0;0;0;0,383670589635578;0,521345137724711;0;0;0;0;0;0;2,97831997342069;0;0;0;0;0;0;0;0;0;0;0;0,601138329904612;0,635956878221807;0;0;0;0;0;1,15978049382374;0;0;1,64721252623184;0;0;0;0;0;0;0;0;0;0;0;0;0;0;0;1,56919954307632;0;0;0;0;0;0;1,65293810712268;1,54645552390235;0;0;0;0;0;0;0;0;0;0;0;0;0;0;0;0;0;0;0;0;0,459297466766501;0;0,420762485622113;0;0;0;0;0;0;0,685801976828868;0;0;0;0,573676490850222;0;0;0;0;0;0;0,640142736154485;0;0;0;0;2,31366150664478;0;0;0;0;0,222300862837958;0,219626259926321;0;0;0;0,896556823287638;0;0;0;0;0;0,939105096108857;0;0;0;0;0,913927740381063;0;0;0;0;0;1,04005227441805;0;0;0;0;0;0;0;0;0;0;0;0;0;0;0
"w72";0;0;0,597988940190551;0;0;0;0;0;0;0;0;0;0;0;0;0;0;0;0;0;0;0,190601214643326;0;0;0,397375081251676;0;0;0;0;0;0;0;0,252289329175503;0;0;0;0;0,644209457265974;0;0;0,47233830518962;0;0;0;0;0;0;0;0;0,318306346487283;0,245247120940229;0;0;0;0,206705039525863;0;0;0;0;0;0;0;0;0;0;0;0;0;0,506929181190124;0;0;0;0,544563425260497;0;0;0;0,217480297372419;0;0;0;0;0;0;1,20522691141973;0;0;0;0;0;0;0;0,989112083054176;0;0;0;0;0;0,517481141500753;0;0;0,512624837794722;0;0;0;0;1,51828996610228;0;0;0;0;0;0;0;0;0;0;0;0;0;0;0;0;0;0;1,23783764324885;0;0;0;0;0,171004050035774;0;0;0;0;0;0,124058594232931;0,277580558138981;0;0;0;0;0;0,260152983185022;0;0;0;0,290496989414944;0;0;0;0;0;0;0,420326455904032;0;0,123659636305732;0;0,393117206125513;0;0;0;0;0;0;0;0;0;0;2,81743137859283;0;0;0;0;0;0;0,370149164193203;0;0;0,305413733782035;0;0;0;0,791953728436414;0;0;0;0;0;0;0,86424066420512;0;0;0;0;0;1,20265291788583;0;0;0;0;0;0,314521928488917;0;0;0;0;0;0;0;0;0;1,3785779332951;0;0;0;0;0;0;0;0;0;0;0;2,47682762428828;0;0;0;0;0;0;0;0;0;0;0;0;0;0;0,679729682707049;0;0;0;0;0;0;0;0;0,57906265432228;0;0;0;0;0;0;0;0,816501506559282;0;0;0;0;0,463145192086855;0;0;0;0;0;0;0;0,806169965730029;0;0;0;0;0;2,83938386892678;0;0;0;0;0;0;0;0;0;0;0;0,589885733873012;0;0;0;0;0;0;0;0,880003797166599;0;0;1,27605789025258;0;0;0;0;0;0;0;0;0;0;0;0;0;0;1,25722669124354;0;0;0;0;0;0;1,94728453629311;0;0;0;0;0;0;0;0;0;0;0;0;0;0;0;0;0;0;0;0;0,274153585219996;0,167572900247327;0;0;0;0;0;0;0;0,451282080299937;0;0;0;0;0;0,279460399282081;0;0;0;0;0,435193750869168;0;0;0;0;1,91501000840543;0;0;0;0;0;0;0;0;0;0;0;0,518825939889559;0;0;0;0;0;0,52605676493402;0;0;0;0,280143102677397;0,290496989414944;0;0;0;0;0,313037161918364;0,257538629950624;0;0;0;0;0;0;0;0;0;0;0;0;0;0;0
"w74";0;0;0;0;0,0746993576557294;0;0;0;0;0;0;0;0;0;0;0;0;0;0;0;0;0;0;0;0;0;0;0;0;0;0;0;0;0;0;0;0;0,397848698286927;0;0;0;0,380305711160399;0;0;0;0;0;0;0;0,271213567916206;0;0;0,756943763992252;0;0;1,00084555086782;0;0;0;0;0,113446773726476;0;0;0,0808738914973664;0,121538814897473;0;0;0;0;0;0,236620798231868;0;0;0,386164725963462;0;0;0,0948587085843826;0;0;0;0;0;0;0,943280599843203;0;0,909201317687519;0;0;0;0;0;0;0,871468980264531;0;0;0;0;0;0,362308699166211;0;0;0,372602475200136;0;0;0;0,665511526114024;0;0;0;0;0;0,697531282750597;0;0;0;0;0;0;0;1,57121262848284;0;0;0;0;0;1,09336720825813;0;0;0;0;0,225222468036558;0;0;0;0,124668120242466;0;0;0;0;0,325312846210655;0;0;0;0;0,249782951759937;0;0;0,27935299594872;0;0;0;0;0;0;0;0;0;0;0,732697067591848;0;0;0;0;0;0;0;0;0;0;0;2,50294401004748;0;0;0;0;0;0;0;0;0;0,356944901732926;0;0;0;0;0,652958469140813;0;0;0;0;0;0;0,811811831122296;0;0;0;0;1,08171107157074;0;0;0;0;0;0,381411210440409;0;0;0;0,14315342540533;0;0;0;0;0;1,30074541722877;0;0;0;0;0;0;0;0;0;0;0;0;0;2,4673255673515;0;0;0;0;0;0;0;0;0;0;0;0;0;0,426573992111005;0,346058678645991;0;0;0,131163614046357;0;0;0,445340562638673;0;0;0;0,228204994268878;0;0;0;0,902087952642659;0;0;0;0;0;0;0,606802063766342;0;0;0;0;0;0,901841759404344;0;0;0;0;0;0;0;2,76392118481282;0;0;0;0;0;0;0;0;0;0;0;0;0,706002681208885;0;0;0;0;0,935692560383509;0;0;0;1,36984641648172;0;0;0;0;0;0;0;0;0,164568076904566;0;0;0;0;0;0;1,30242384243487;0;0;0;0;0;0;0;0;2,14825018664754;0;0;0;0;0;0;0;0,183263228001319;0;0;0;0;0,0880296568417703;0;0;0;0;0;0,230697037103312;0;0;0;0;0;0;0;0;0,595159262417786;0;0;0;0;0,408994751153849;0;0;0;0;0;0,542256560685729;0;0;0;0;0;0;1,99323008294915;0;0;0;0;0,220772478493126;0;0;0;0,589006119734663;0;0;0;0;0,593093791872836;0;0;0;0;0,590800033244603;0;0;0;0;0;0;0,782976293424764;0;0;0;0;0;0;0;0;0;0;0;0;0
"w75";0;0,400571031058351;1,33023583188155;0;0;0,679913212712465;0;0;0;0;0;0;0;0;0;0;0;0;0;0;0;0;0;0;0,812885680744974;0;0;0;0;0;0;0;0,716416258828435;0;0;0;0;0;0;0;0,775246192288525;0;0;0;0;0;0;0;0;0;0;0;0;0;0;0;0;0;0;0;0;0;0;0;0;0;0;0;0;0;0;0;0,698331285570934;0;0;0;0,762830880933165;0;0;0;0;0;0;2,01982348696257;0;0;0;0;0;0,414903195894118;0;0,931840520662001;0;0;0;0;0;0;0;0;0;0;0;0;0;2,60137851554747;0;0;0;0;0;0;0;0;0;0;0;0;1,86123493623429;0;0;0;0;0;0;0;0;0;0;0;0;0;0;0;0;0;0;0;0;0;0;0;0;0;0;0;0;0;0;0;0;0;0;0;0;0;0;0;0;0;0;0;0;0;0,743914028271921;0;0;2,55875720635636;0;1,71158855318541;0;0;0;0;0;0,920074729111932;0;0;0;0;0;1,00116742272006;0;0;0;0;0;0;0;0,851896237479998;0;0;0;0;0;1,22391929852493;0;0;0;0;0;0;0;0;0;0;0;0;0;0;0;0;0;0;0;0;0;0;0;0;0;0;2,30378694451364;0;0;0;0;0;0;0;0;0;0;0;0;0;0;0;0;0;0;0;0;0;0;0;0;0;0;0;0;0;0;0;0,68432933576832;0;0;0;0;0;0;0;0;0;0;0;0;0;0;0;0;0;2,86866990126714;0;0;0;0;0;0;0;0;0;0;0;0;0;0;0;0;0;0;0;0;0,824443088550033;0;0;0;0;0;0;0;0;0;0;0;0;0;0;0;0;0;0;0;0;0;0;0;1,842959824298;0;0;0;0;0;0;0;0;0;0;0;0;0;0;0;0;0;0;0;0;0;0;0;0;0;0;0;0;0;0;0;0;0;0;0;0;0;0;0;0;0;0;0;0;0;0;0;1,92846272297439;0;0;0;0;0;0;0;0;0;0;0;0;0;0;0;0;0;0;0;0;0;0;0;0;0;0;0;0;0;0;0;0;0;0;0;0;0;0;0;0;0;0;0;0
"w78";0;0;0;0;0;0;0;0;0;0;0;0;0;0;0;0;0;0;0;0;0;0,235428007821971;0;0;0,376302578025626;0;0;0;0;0;0;0;0,145760911268863;0;0;0;0;0,708783484855915;0;0;0,491438816691468;0;0;0;0,11622498012331;0,115281880102732;0,0784749717473435;0;0;0,344252173790054;0,146492819670268;0;0;0;0,169814160841553;0;0;0;0;0,238268840491686;0;0,209147135510748;0;0,17097499652348;0;0,0889918209902083;0;0;0,287196742936484;0;0;0;0,566054070700302;0;0;0;0;0;0;0;0;0;1,87320512786992;0;0;0;0;0;0;0;0;0;1,07930954011766;0;0;0;0;0;0,639795564798695;0;0,663633372557264;0;0;0;0;0;0;0;0,0728794971277348;0;0,834030446231432;0;0;0;0;0,0492724234568825;0;0;0;0;0;0;0;0;1,292273621148;0;0;0;0;0,318944621909428;0;0;0,188490856575553;0;0;0;0,461790616070029;0;0;0;0;0;0;0,402767440026089;0;0;0;0,282737543919251;0;0;0;0;0;0;0;0,409750201299221;0,610212185726984;0;0;0;0;0;0;0;0;0;0;0;0;0;2,66121729575675;0;0;0;0;0;0;0;0;0,592922691773982;0;0;0;0;0,805342211895445;0;0;0;0;0;0;1,06444683284956;0;0;0;0;1,37417724560845;0;0;0;0;0;0,405876910649904;0;0;0;0;0,174360502499803;0;0;0;0;1,50433254378627;0;0;0;0;0,0717960552621638;0;0;0;0;0;0;0;2,29344839350464;0;0;0;0;0;0,0473555215509802;0;0;0;0;0;0;0;0,802261469910727;0;0;0;0;0;0,166771742745067;0;0;0,370982963037469;0;0;0,251941768477926;0;0;0;0;0,850811253248669;0;0;0;0;0,586817713296132;0;0;0;0;0;0;0,871265955439891;0;0;0;0;0;0;0;2,61430737371956;0;0;0;0;0;0,163000636943737;0;0;0;0;0;0,735119299143407;0;0;0;0;0;0;0,94635025889034;0;0;1,40807939567461;0;0;0;0,263316844791722;0;0;0;0;0,0855956817525019;0,0792578019728623;0;0;0;0;0;1,33680714709457;0;0;0;0;0;0;1,89985011722047;0;0;0;0;0;0;0;0;0;0,217615361600241;0;0;0;0,0581030965864595;0;0;0;0;0;0;0,316710040930384;0;0;0;0,22415253670285;0;0;0;0,226772367946157;0,327985907649903;0;0;0;0;0,360331928700658;0;0;0;0;0,425164275511731;0;0;0;0;0;0;1,87632351550223;0;0;0;0;0;0,214971398484452;0;0;0;0,51246209210264;0;0;0;0;0,554322900985656;0;0;0;0;0,519036766839358;0;0;0;0;0;0,555660179082841;0;0;0;0;0;0;0;0;0;0;0;0;0;0;0
"w79";0;0;0;0;0;0;0;0;0;0;0;0,0651588636589414;0;0;0;0;0;0;0;0;0;0,240558493922064;0;0;0,301608824057574;0;0,120165816828136;0;0;0;0;0,0981760588701595;0,186971229980395;0;0;0;0;0,546332586234488;0;0,58872561781436;0;0;0;0;0,202212379999646;0,112244915509158;0,064031775326941;0;0,409408068753327;0;0,228959663703485;0;0;0;0;0;0;0,0275113338008591;0;0,272923116159836;0;0,138756422180637;0;0,102960018275763;0;0,0588307442028654;0;0;0,294469391549941;0;0;0;0,437899531168824;0;0;0;0,0342725113776766;0;0;0;0;0;1,47724415797848;0;0;0;0;0;0;0,790046188491326;0;0,660803750711095;0;0;0;0;0;0,657320601261897;0;0;0,486662278044719;0;0,142725336212213;0;0;0;0;0;0,171291602821615;0;0,307814286675854;0;0,203978745338863;0;0;0,0819145017295602;0,0485759035375604;0;1,49761842145351;0;0;0;0,602247022274033;0;0;0;0;0;0;0,253518344445281;0;0;0,155979587747627;0;0;0;0,334325725647026;0;0;0;0;0;0,425877922614463;0;0;0;0,384019468887293;0;0;0;0,0423721388766157;0;0;0,2187715977787;0;0,0839064416738896;0;0;0,552025298710765;0;0;0;0;0,0579234492629862;0;0;0;2,04080312323386;0;0;1,31825810241193;0;0;0;0;0;0;0;0,843483094037366;0;0;0,519520231490971;0;0;0;0;0;0;0;0;0,92852089571509;0;0;0;0;0,802086411128748;0,594713492332148;0;0;0;0,514070400069321;0;0;0;0;0;0,274568993335673;0;0;0;0;0;0;0;0;0;0;0,087217549482201;0;0,135821846394848;0;0;0;0;2,17873490860493;0;0;0;0;0;0;0;0;0;0,194323897434684;0,0834641311248701;0,240558493922064;0;0,199655442524058;0;0,171088977198101;0;0;0;0,270724390900636;0;0;0,235061068599526;0;0;0;0,341528996192931;0;0;0;0,799387269651947;0;0;0;0;0,743472699634227;0;0;0;0;0;0,0674092364825838;0;0,822259553742537;0;0;0;0;0;2,73698066278761;0;0;0;0;0;0,23010651638791;0;0;0;0;0;0;0,924045213535837;0;0;0;0;0;0;1,05851017681968;0;0;1,53819576569115;0;0;0;0,373647656789087;0;0;0;0;0,254637390538063;0;0;0;0;0;0;1,44998042937233;0;0;0;0;0;2,01792454975976;0;0;0;0;0;0,0836853108542074;0,107073281536863;0;0;0;0,423361687648264;0;0;0;0;0;0;0;0,129081729339597;0,0375202390851049;0;0;0,282939207296174;0;0;0,387616177529123;0;0;0;0;0,629650587129183;0;0;0;0;0,497247950226784;0;0;0;0;0;0,640987984894464;0;0;0;0;2,03261566672367;0;0;0;0;0;0;0,306045223234073;0;0;0;0,758563968783577;0;0;0;0;0;0,795379122341411;0;0;0,123571734917382;0;0,765186353442269;0;0;0;0;0;0,831096405132794;0;0;0;0;0,270357466220651;0;0,190952356760327;0,176142341256024;0,175133709298957;0,166213604174197;0;0;0;0;0
"w8";0;0,169367370559262;0;0;0;0;0;0;0;0;0;0;0;0;0;0;0;0;0,316443358344695;0;0;0;0;0;0,614366302706831;0;0;0;0;0;0;0;0,351166152230909;0;0;0;0;0,235771208182012;0;0;0,55015912099428;0;0;0;0;0;0;0;0,397417169881665;0;0,317013077773294;0;0;0;0;0;0;0;0;0;0;0;0;0;0;0;0;0;0,482027822212537;0;0;0;0,470858591129875;0;0;0;0;0;0;0;0;0;1,35224111425013;0;0;0;0;0;0;0;0;0,941579213915247;0;0;0;0;0;0;0;0;0;0;0;0;0;0;0;0;0;0;0;0;0;0;0;0;0;0;0;0;0;0;0;0;0;0;0;0;0;0;0;0;0;0;0;0;0;0,204396085614258;0,237005966789269;0;0;0;0;0;0;0,408393367887253;0,210116743198513;0;0;0;0;0;0,375096593974184;0;0;0;0,397942586943535;0;0;0;0;0;0;0;0;0;0;1,48235960991565;0;2,25422005838558;0;0;0;0;0,879939017484804;0;0;0;0,280471387099919;0;0,611400513010423;0;0;0;0;0;0;0;0;0,547901019097659;0;0;0;0;0,451131653802735;0,246218376484012;0;0;0;0;0;0;0;0;0;0;0;0;0;0;0;0;0;0;0;0;0;0;0;0;0;2,35752860870594;0;0;0;0;0;0;0;0;0;0;0;0;0;0;0;0,58735211845313;0;0;0;0;0;0;0;0;0;0;0;0;0;0;0;0;0,552412135352748;0;0;0;0;0;0;0,370248099627562;0;0;0;0;0;0,257162398163329;0,344539039753434;0;0;0;3,35465005723998;0;0;0;0;0;0;0,463998341267411;0;0;0;0;0;0,668706246950698;0;0;0;0;0;0;0;0,721005746353547;0;0;0;0;0;0;0;0;0;0;0;0;0;0;0;0;0;0;0;0;0;0;0;2,31310628571899;0;0;0;0;0;0;0;0;0;0;0;0;0;0;0;0;0;0;0;0;0;0;0;0;0;0;0;0;0;0;0;0,482027822212537;0;0;0;0;0;0;0;0;0;0;0;0,407873414671327;0;0;0;2,7845284011923;0;0;0;0;0;0;0;0;0;0;0;0,498313656951937;0;0;0;0;0,580373570886475;0;0;0;0;0,580373570886475;0;0;0;0;0;1,18484678092628;0;0;0;0;0;0;0;0;0;0;0;0;0;0;0;0
"w80";0;0;0;0;0;0;0;0;0;0;0,0687656762878806;0,0866614418295407;0;0;0;0;0;0;0;0,0695037881909684;0;0,32396747921213;0;0;0,437230838589295;0;0,0631786521578877;0;0,0759891163561531;0;0,0602718482624079;0,0560657118300279;0,274720568253952;0;0;0;0;0,944252705269225;0;0;0,698046576493585;0;0;0;0,167807246546516;0,200404091380706;0,101907544710831;0,0416862260414581;0;0,524213617502118;0,234761814444243;0;0;0;0;1,49449449128424;0;0;0,171084865367225;0;0,3667754151894;0,348421100023174;0;0,234932376657508;0;0;0,180913760291477;0;0;0,447257310004008;0;0;0;0,861307286923417;0;0;0;0;0;0;0;0;2,05465594137755;0;0;0;0;0;0;0;0;0;1,31470701989552;0;0;0;0;0;0,858294401372834;0;0;0,926731606806448;0;0;0;0;0;0;0,128752833714465;0;0;1,11591574645968;0;0;0;0,277448429410549;0;0;0;1,95493600418479;0;0;0;0;0;1,39057839262485;0;0;0;0;0,350145116860797;0;0;0;0,285263347735551;0;0;0,510584284090878;0;0,12438128082825;0;0;0;0;0,558072046065799;0;0,0731193656098231;0;0,421693557638186;0;0;0;0;0;0;0;0,75961484993377;0;0;0;0,538079601332457;0;0;0;0;0;0;0;0;0;0;2,5162268888218;0;0;0;0;0;0;0;0;0,39565277110188;0;0;0;0;0,974852816991131;0;0;0;0;0;0;1,07010038375705;0;0;0;0;1,33140522657584;0;0;0;0;0;0,52935122073265;0;0;0;0,0912006575251818;0,0631786521578877;0;0;0;0;1,09296917210692;0,935290684734471;0;0;0;0;0;0;0;0;0;0;0;2,10106731876087;0;0;0;0;0;0,107412066153683;0;0;0;0;0;0;0;0,579647952668378;0,3690648401952;0;0;0;0,122220133460734;0;0;0,334417981706804;0;0;0;0,307608388501158;0;0;0;0,814240713314535;0;0;0;0;0;0,602816496832012;0;0;0;0;0;0;0,863523109464283;0;0;0;0;0;0;2,17016022799997;0;0;0;0;0;0,13323123735327;0;0;0;0;0;0;0;0,448956905587936;0;0;0;0;0,71809372309723;0;0;1,07293241735682;0;0;0;0,300233132951418;0;0;0;0;0;0,0932333264824473;0;0;0;0;0;1,1357874762554;0;0;0;0;0;0;1,48553314488173;0;0;0;0,095654018948508;0;0;0;0,0808422394197773;0,0193691483083526;0,0917912129859869;0;0;0;0;0;0;0;0;0;0;0;0,214196293012273;0;0;0,10592559502676;0;0;0;0;0;0,435464660524289;0;0;0;0;0,282394121231927;0;0;0;0;0,363731332053837;0;0;0;0;1,14790705887156;0;0;0;0;0;0;0,110893382434044;0;0;0;0,257472956590318;0;0;0;0;0,375210352090545;0;0;0;0;0,307238270550918;0;0;0;0;0;0;0,251228299297667;0;0;0;0;0;0;0;0;0;0;0;0;0;0
"w81";0;0;0;0;0;0;0;0;0;0;0,0626274152550824;0,0927323263600267;0;0;0;0;0;0;0;0;0;0,279678713693873;0;0;0,457353961113643;0;0,122088863865665;0;0;0;0,0647185591893178;0,0647185591893178;0,225084729119047;0;0;0;0;0,678283019488571;0;0;0,799957404917256;0;0;0;0,221400437486756;0,14727973420758;0,138004436828721;0,0800585936374591;0,515177705743076;0;0,305514185256945;0;0;0;0;0;0;0;0,0465901810669794;0,341527540582912;0;0,189093157454954;0;0,350567283187172;0;0,0512590472766643;0;0;0,516330892524777;0;0;0;0,741819114535477;0;0;0;0,0594124772948987;0;0;0;0;1,10693637346144;0;1,0297733926427;0;0;0;0;0;0;0,796479747678302;1,06439514475824;0;0;0;0;0;0;0,778907703126984;0;0,756917599332563;0;0;0;0;0;0;0;0;0,367788322466881;1,00430404190452;0;0;0;0;0,357241893751383;0,0826609391332332;0;0;0;0;0;0;0;0;1,42830668309576;0;0,0670832479924728;0;0;0,296497794722648;0;0;0,181315446092165;0;0;0;0,253504005072528;0,260169462928805;0;0;0;0,566135394796505;0;0;0;0;0,555535886243973;0;0;0;0;0;0;0;0,633092784627586;0,257186991899156;0;0,820246084474073;0;0;0;0;0;0,0993458303569278;0;0;0;0;2,11933944865437;1,13081334178724;0;0;0;0;0;0;0;0,913260267353628;0;0;0;0,163811958070767;0,53833945986619;0;0;0;0;0;0;0;0,959106431940205;0;0;0;0;1,23206710035829;0;0;0;0;0;0,706092309322011;0;0;0;0;0,352657888666478;0;0;0;0;1,35083866120959;0;0;0;0;0,0898845231414053;0;0,221162274484491;0;0;0;0;0;1,79556440668726;1,34898970566985;0;0;0;0;0,0574504860298242;0;0;0;0;0,515000174299572;0;0,248185833684695;0;0,387343648376897;0;0;0;0;0,351090344446431;0;0;0,298594206104465;0;0;0;0,351194923875126;0;0;0;0,807274376074894;0;0;0;0;0;0,741819114535477;0;0;0;0;0;0;0,835051924688856;0;0;0;0;0;2,40710356231832;0;0;0;0;0;0,178212208914089;0;0;0;0;0;0;0,765039197953763;0;0;0;0,0749713503815798;0;0;0,923579046232854;0,0347500002931529;0;1,42434552010197;0;0;0;0,424760383519206;0;0;0;0;0,260856464092813;0;0;0;0;0;1,26807465195017;0;0;0;0;0;0;1,83486803085848;0;0;0;0;0;0;0;0;0;0,14958517825161;0,177714796072323;0;0;0,0921905125437946;0;0;0;0;0;0;0,178087878897306;0,151119193414478;0;0;0,223897730412384;0,173976292276996;0;0;0;0;0,600133633012712;0;0;0;0;0,513578786981917;0;0;0;0;0;0,494642753425993;0;0;0;0;1,66609016844879;0;0;0;0;0;0,224253977989215;0;0;0;0;0,54258001434189;0;0;0;0;0,621029730282248;0;0;0,126549870973739;0;0,553914879004858;0;0;0;0;0;0,417544789218526;0,312712690264941;0;0;0;0;0;0,125895087297411;0,126157052219187;0,0951668622485097;0;0;0;0;0;0
"w82";0;0,17417698746184;0;0;0;0;0;0;0;0;0;0;0;0;0;0;0;0;0,248206549767245;0;0;0;0;0;0,228908382365737;0;0;0;0;0;0;0;0,347008910412186;0;0;0;0;0,349890590695762;0;0;0,270883258438274;0;0;0;0;0;0;0;0,455734414955533;0;0,280799056093936;0;0;0;0;0;0;0;0;0;0;0;0;0;0;0;0;0;0,203250768067774;0;0;0;0,474200265877331;0;0;0;0;0;0;0;0;0;0,749661185531948;0;0;0;0;0;0;0,297918574218841;0;0,610801752889173;0;0;0;0;0;0,405301776135568;0;0;0,400389370645262;0;0;0;0;0;0;0;0;0;0;0;0;0;0;0;0;0;0;0;0;0;0;0;0;0;0;0;0;0,222392003253283;0;0;0;0;0;0,157574503176812;0,0716785752710478;0,155479676630429;0;0;0;0;0,230855044456045;0;0;0;0,290617495303226;0;0;0;0;0;0;0,443231647380215;0;0;0,534358400038258;0;0;0;0;0;0;0;0;0;0;2,66877853123664;0;0;0;0;0;0;0;0,653331810803319;0;0;0,297312182835273;0;0;0;0,750818102093058;0;0;0;0;0;0;0,89586468638338;0;0;0;0;1,19005970802221;0;0;0;0;0;0,354484076034952;0;0;0;0;0;0;0;0;0;0;0;0;0;0;0;0;0;0;0;0;2,61558099253047;0;0;0;0;0;0;0;0;0;0;0;0;0;0;0;0,389938805262526;0;0,414515434074312;0;0;0;0;0;0;0;0,51795351607422;0;0;0;0;0;0;0;1,01277314907947;0;0;0;0,264008661024541;0,354484076034952;0;0;0;0;0;0;1,0133661633885;0;0;0;0;3,10991947126778;0;0;0;0;0;0;0,355056780935778;0;0;0;0;0;0,420968457112319;0;0,418284756290604;0;0;0;0;0;0,94624744500952;0;0;0;0;0;0;0;0,306369668824902;0;0;0;0;0;0;0;0;0;0;0;0;0;0;0;2,36014809226192;0;0;0;0;0;0;0;0;0;0;0;0;0;0;0;0;0;0;0;0;0;0;0,562667518257427;0;0;0;0;0;0;0;0;0,668093160190472;0;0;0;0;0;0,393801731538456;0;0;0;0;0,615666651254994;0;0;0;0;2,38647220863595;0;0;0;0;0;0;0,296098295820472;0;0;0;0;0,65035321194567;0;0;0;0;0,393250797691675;0,4474166294246;0;0;0;0,674353353415919;0;0;0;0;0;0,884127856035905;0;0;0;0;0;0;0;0;0;0;0;0;0;0;0;0
"w83";0;0;0;0;0;0;0;0;0;0;0;0;0;0;0;0;0;0;0;0;0;0,0620586487727146;0;0;0,206300310975805;0;0;0;0;0;0;0;0;0;0;0;0;0,227724480407793;0;0;0,395321545329951;0;0;0;0,065433410469491;0;0;0;0,245186965497987;0;0,176599641728378;0;0;0;0;0;0;0;0;0;0,0910444954132304;0;0;0,146455908825976;0;0;0;0;0,232439549474516;0;0;0;0,319351734286348;0;0;0;0;0;0;0;0;0;0,701978910231064;0,529331999819754;0;0;0;0;0;0;0,51610986516727;0,626851231378435;0;0;0;0;0;0;0,339404541773135;0;0,302616265259681;0;0;0;0;0;0;0;0,131745964145336;0;0;0;0;0;0,0946502587010487;0;0;0;0;0,477036623790959;0;0;0;0;0,954780731573669;0;0;0;0;0,124467854063635;0;0;0;0,0975907886446188;0;0;0;0;0,143967320048349;0;0;0;0;0,24701490107309;0;0;0;0,270341678842952;0;0;0;0;0;0,121923869609098;0,0879199296933161;0;0;0;0,379942917142047;0;0;0;0;0;0;0;0;0;1,69912195507342;0;1,47066471737625;0;0;0;0;0;0;0;0,563486511530776;0;0;0;0,446091772106433;0;0;0;0;0;0;0;0,713323180568927;0;0;0;0;0,758635336976671;0;0;0;0;0;0,314504891286644;0;0;0;0;0,148473336979825;0;0;0;0;0;1,06949523752477;0;0;0;0;0;0;0,0842897723328108;0;0;0;0;0;2,1823715385091;0;0;0;0;0;0;0;0;0;0;0;0;0;0,521675930905688;0;0;0;0;0;0,27116479754884;0;0,17024882993636;0;0;0;0,234433184744335;0;0;0;0,565940412673707;0;0;0;0;0;0,676248154282235;0;0;0;0;0;0;0,61952190598966;0;0;0;0;0;0;0;3,04067836981505;0;0;0;0;0,113771455075085;0;0;0;0;0;0;0,975063248254143;0;0;0;0;0;0;1,12990799399128;0;0;1,64430973549366;0;0;0;0,292331475430324;0;0;0;0;0,222987074101559;0;0;0;0;0;0;1,58237154583785;0;0;0;0;0;0;2,26024431792306;0;0;0;0;0;0;0;0;0;0,312533242941941;0;0;0,104094506480902;0;0;0;0;0,272809005171579;0;0;0,268968306930904;0;0;0,508459666502732;0;0;0;0;0;0;0,623289716955744;0;0;0;0,646828399564464;0;0;0;0;0;0;0,592543219852217;0;0;0;0;1,88900356178095;1,71270878779031;0;0;0;0;0,377110001719046;0;0;0;0,89869000029576;0;0;0;0;0,956371563187678;0;0;0,136621069140289;0;0,947695080529792;0;0;0;0;0;0;1,08505036504106;0;0;0;0;0;0,20454293136164;0,20175408200863;0,197039420281337;0,24546840393167;0;0;0;0;0
"w84";0;0;0;0;0;0;0;0;0;0;0;0,127286118895811;0;0;0;0;0;0;0;0;0;0,200522765863294;0;0;0,806322470217971;0;0;0;0;0;0,141432794043759;0;0,163430277345836;0;0;0;0;0,495551416378777;0;0;0,743585992101259;0;0;0;0,0736323770608242;0,0584857358654458;0,0938867781662357;0;0;0,184206831074412;0,236997988080076;0;0;0;0,180461241803566;0;0;0;0;0;0;0;0;0,237707004314343;0;0;0;0;0,329085161223162;0;0;0;0,558945843461799;0;0;0;0;0;0;0;0;0;0;1,99948671218127;0;0;0;0;0;0;0;1,05095573587946;0;0;0;0;0;0,445292545806384;0;0;0,528148563195152;0;0;0;0,158839269936214;0;0;0;0;0;0,739946751981801;0;0;0;0;0;0;0;1,93811934511522;0;0;0;0;0;0;0;0;0;0;0,226660357564909;0;0;0,139088869007529;0;0;0;0;0,343853585644343;0;0;0;0;0,234512464965173;0;0;0;0,314423622929618;0;0;0;0;0;0;0,372442129584659;0;0;0;0,440674679766715;0;0;0;0;0;0;0;0;0;2,25016108082589;0;0;2,10579736852305;0;0;0;0;0;0;0;0;0;0;0,943039502992785;0;0;0;0;0;0;0;0,841422025204533;0;0;0;0;1,0561279098908;0;0;0;0;0;0,190913739340599;0;0;0;0;0,0723788827818497;0;0;0;0;0;0;0;0;0;0;0;0;0;0;0;0;2,38190983261008;0;0;0;0;0;0;0;0;0;0;0;0;0;0;0;0,714754369463428;0;0;0;0;0;0,108913601040169;0;0;0,289836114750237;0;0;0,163048497406788;0;0;0;0;0,632028714886898;0;0;0;0;0;0,527087783051076;0;0;0;0;0;0,698121729653469;0;0;0;0;2,92596913604631;0;0;0;0;0;0;0;0,0889643173384392;0;0;0;0;0,706139929282043;0;0;0;0;0;0;0;0,948799374815795;0;0;0;0;0;0;0;0,195729794231382;0;0;0;0;0;0;0;0;0;0;0;0;0;0;0;0;1,9807495752648;0;0;0;0;0;0;0;0;0;0;0,170656539247168;0;0;0;0;0;0;0;0;0;0;0;0,33874144310364;0;0;0,208581978437258;0;0;0;0;0,463270891586487;0;0;0;0;0;0,335854336511245;0;0;0;0;0,394193372343747;0;0;0;0;2,09362983261902;0;0;0;0;0;0;0,226301974442352;0;0;0;0;0,61394857066878;0;0;0;0;0,643430778169341;0;0;0;0;0,546272091000258;0;0;0;0;0;0,659596778927497;0;0;0;0;0;0;0;0;0;0;0,117742581945536;0;0;0;0;0
"w9";0;0;0;0;0;0;0;0;0;0;0;0,122420951186895;0;0;0;0;0;0;0;0;0;0,126386325492688;0;0;0,718239493471657;0;0;0;0;0;0,10707299209979;0;0,119768605622955;0;0;0;0;0,510945368111956;0;0;0,737039078264926;0;0;0;0,101678872082476;0;0;0;0,28410183675591;0;0,263037639974586;0;0;0;0,203171461265448;0;0;0;0;0;0;0;0;0,162021088358703;0;0;0;0;0,260156789860481;0;0;0;0,441217767487214;0;0;0;0;0;0;0;0;0;2,05905514249517;0;0;0;0;0;0;0;0;1,10849271262464;0;0;0;0;0,326565207833908;0;0;0;0,551424256766315;0;0;0;0,166466669159239;0;0;0;0;0;0,426180619577665;0,476689187008691;0;0;0;0;0;0;0;0;0;0;0;0;0;0;0;0;0;0,184676389960176;0;0,116443250071282;0;0;0;0;0;0,43784199267646;0;0;0;0;0,335702108977284;0;0;0,379662931247997;0;0;0;0;0;0;0,297531617247725;0;0;0,195814429737115;0;0,266483740679774;0;0;0;0;0;0;0;0;0;2,39905129512274;0;2,25327125307311;0;0;0;0;0;0;0;0;0,505091077772068;0;0;0,831303554885229;0;0;0;0;0;0;0;0,832280880998986;0;0;0;0;1,10204923168078;0;0;0;0;0;0,14468629373197;0;0;0;0;0;0;0;0;0;0;0;0;0;0;0;0;0;0;0;0;2,32976274512793;0;0;0;0;0;0;0;0;0;0;0;0;0;0;0;0,731652295146427;0;0;0;0;0,0510649920019218;0,0602679452456435;0;0;0,174041984723503;0;0;0;0,161384388986628;0;0;0;0,562573122299546;0;0;0;0;0;0,470162661581086;0;0;0;0;0;0;0,530949591362109;0;0;0;0;3,10072186495303;0;0;0;0;0;0;0;0,143390201268762;0;0;0;0,807222697378938;0;0;0;0;0;0;0;0;0,913247410958779;0;0;0;0;0;0;0;0,0976141012260442;0;0;0;0;0;0;0;0;0;0;0;0;0;0;0;1,95658780742686;0;0;0;0;0;0;0;0;0;0;0;0,198886440017396;0;0;0;0;0;0;0;0;0;0;0,245626719049167;0;0;0;0,191497698810914;0;0;0;0;0,404941057937084;0;0;0;0;0;0,303627169757659;0;0;0;0,342101789504127;0;0;0;0;0;2,20238384558192;0;0;0;0;0;0;0,198886440017396;0;0;0;0;0,568525267757938;0;0;0;0;0,660009269318982;0;0;0;0;0,542762819395042;0;0;0;0;0;0,6938579525256;0;0;0;0;0;0;0;0;0;0;0;0;0;0;0;0
